0 103.22
1 102.43
2 100.52
3 100.38
4 100.32
5 102.81
6 102.68
7 100.3
8 99.5
9 99.46
10 99.53
11 99.53
12 100.32
13 100.19
14 99.08
15 100.07
16 99.21
17 100.19
18 98.12
19 96.69
20 95.62
21 96.38
22 98.66
23 99.98
24 97.71
25 97.57
26 95.23
27 94.94
28 95.53
29 96.67
30 95.71
31 97.38
32 98.66
33 98.57
34 97.96
35 98.29
36 97.52
37 94.83
38 95.5
39 94.88
40 93.46
41 94.06
42 92.6
43 92.85
44 91.82
45 93.04
46 92.97
47 92.73
48 91.71
49 91.75
50 92.27
51 90.12
52 91.05
53 88.8
54 89.1
55 90.37
56 89.76
57 89.29
58 88.41
59 88.63
60 91.48
61 92.51
62 90.94
63 88.98
64 88.4
65 88.33
66 89.43
67 88.59
68 88.07
69 88.98
70 89.06
71 87.16
72 87.95
73 86.01
74 84.71
75 84.82
76 84.63
77 85.72
78 86.41
79 84.5
80 85.61
81 84.78
82 84.44
83 85.69
84 84.13
85 83.79
86 84.33
87 84.61
88 83.4
89 82.13
90 82.59
91 82.88
92 81.76
93 82.46
94 83.12
95 83.64
96 83.4
97 83.91
98 83.67
99 84.13
100 84.48
101 83.32
102 80.92
103 79.52
104 79.84
105 80
106 79.22
107 78.96
108 78.28
109 79.24
110 78.39
111 77.82
112 77.38
113 77.75
114 78.77
115 78.38
116 77.33
117 75.58
118 77.21
119 76.93
120 76.42
121 74.92
122 75.64
123 75.65
124 75.3
125 74.99
126 75.8
127 74.83
128 74.99
129 73.79
130 74.45
131 74.84
132 74.95
133 73.91
134 72.98
135 72.29
136 72.28
137 71.9
138 72.91
139 72.16
140 71.58
141 70.67
142 72.82
143 73.26
144 72.71
145 70.87
146 72.34
147 73.05
148 71.62
149 70.12
150 70.34
151 70.24
152 70.79
153 69.38
154 69.33
155 70.35
156 69.18
157 68.75
158 68.66
159 68.64
160 69.37
161 67.99
162 68.27
163 66.73
164 66.21
165 66.37
166 66.13
167 66.36
168 65.93
169 65.6
170 65.14
171 66.81
172 67.49
173 67.44
174 67.53
175 67.49
176 67.42
177 66.95
178 66.98
179 66.37
180 65.91
181 66.04
182 65.39
183 63.47
184 63.15
185 62.41
186 63.28
187 63.99
188 63.92
189 63.78
190 63.82
191 63.36
192 61.29
193 59.84
194 60.24
195 59.91
196 59.92
197 60.17
198 60.48
199 59.22
200 59.01
201 58.46
202 59.38
203 60.18
204 60.59
205 60.05
206 58.41
207 58.01
208 56.53
209 57.49
210 57.1
211 56.76
212 58.03
213 57.94
214 56.49
215 55.77
216 55.4
217 55.24
218 55.27
219 54.84
220 54.24
221 54.1
222 53.75
223 53.73
224 54.09
225 53.69
226 52.29
227 52.28
228 53.24
229 54.41
230 53.35
231 52.73
232 52.01
233 51.67
234 51.55
235 51.48
236 51.18
237 50.89
238 51.31
239 50.88
240 50.65
241 51.05
242 51.82
243 52.09
244 51.74
245 51.59
246 51.51
247 51.27
248 51.05
249 50.84
250 50.45
251 50.26
252 49.46
253 48.89
254 48.29
255 47.63
256 47.36
257 46.97
258 46.46
259 46.74
260 45.71
261 45.99
262 46.02
263 45.45
264 44.76
265 44.72
266 45.09
267 45.06
268 45.28
269 44.43
270 44.32
271 43.69
272 43.57
273 43.92
274 43.43
275 43.27
276 43.86
277 43.46
278 42.4
279 43.07
280 43.53
281 43.6
282 43.52
283 43.3
284 42.97
285 42.69
286 41.57
287 41.03
288 40.2
289 40.69
290 40.27
291 39.58
292 39.65
293 39.64
294 38.57
295 38.39
296 38.97
297 38.5
298 37.55
299 37.77
300 37.45
301 37.42
302 37.49
303 37.11
304 36.87
305 36.3
306 35.65
307 36.6
308 36.42
309 36.32
310 36.6
311 36.9
312 36.74
313 36.62
314 36.57
315 36.09
316 35.91
317 35.68
318 35.33
319 35.07
320 34.8
321 34.32
322 33.61
323 33.06
324 33.24
325 33.12
326 32.71
327 32.12
328 32.4
329 31.99
330 31.85
331 32.19
332 31.75
333 31.09
334 30.68
335 30.76
336 30.5
337 29.88
338 29.34
339 28.86
340 29.56
341 29.12
342 28.49
343 28.72
344 29.37
345 29.14
346 28.47
347 28.35
348 28.43
349 27.91
350 27.45
351 26.97
352 27.03
353 27.1
354 27.57
355 27.51
356 26.63
357 25.7
358 25.64
359 25.52
360 25.62
361 25.44
362 25.18
363 24.77
364 24.42
365 25.05
366 24.7
367 24.25
368 23.82
369 23.47
370 23.84
371 24.15
372 23.94
373 23.92
374 23.79
375 23.34
376 23.16
377 22.26
378 22.04
379 21.91
380 21.72
381 21.53
382 20.95
383 20.76
384 20.8
385 20.3
386 20.01
387 19.94
388 20.07
389 20.37
390 19.77
391 19.3
392 19.17
393 18.87
394 18.51
395 18.44
396 18.34
397 18.25
398 17.96
399 17.78
400 17.54
401 17.14
402 17.01
403 17.28
404 17.24
405 17.2
406 16.59
407 16.01
408 15.73
409 15.67
410 15.21
411 15.5
412 15.52
413 14.9
414 14.48
415 14.69
416 14.34
417 13.9
418 13.88
419 13.74
420 13.36
421 13.08
422 13.15
423 12.87
424 12.65
425 12.62
426 12.47
427 12.5
428 12.07
429 11.41
430 11.53
431 11.66
432 11.56
433 11.13
434 10.73
435 10.64
436 10.33
437 10.09
438 10.22
439 9.98
440 9.73
441 9.4
442 9.27
443 8.91
444 8.72
445 8.94
446 8.83
447 8.65
448 8.46
449 8.27
450 8.02
451 7.72
452 7.21
453 7.02
454 6.63
455 6.61
456 6.44
457 6.1
458 6.09
459 5.92
460 5.8
461 5.44
462 5.33
463 5.31
464 5.01
465 4.69
466 4.58
467 4.14
468 4
469 3.89
470 3.71
471 3.44
472 3.5
473 3.35
474 3.33
475 3.1
476 2.82
477 2.42
478 2.28
479 2.04
480 1.76
481 1.7
482 1.62
483 1.46
484 1.15
485 0.8
486 0.6
487 0.48
488 0.39
489 0.29
490 0.23
491 0.03
