0 79.7575868003 0.0
1 79.0577080369 0.0
2 79.9972569085 0.0
3 80.4591474592 0.0
4 79.6922031129 0.0
5 79.3932461884 0.0
6 79.7809231003 0.0
7 79.2805591902 0.0
8 79.434873102 0.0
9 78.6393365323 0.0
10 78.0382691293 0.0
11 77.8683976842 0.0
12 78.6389160584 0.0
13 80.4856373132 0.0
14 80.6826293232 0.0
15 80.6782143476 0.0
16 80.770298126 0.0
17 80.813606935 0.0
18 80.6740096088 0.0
19 80.4948877385 0.0
20 79.4468566074 0.0
21 78.0199785158 0.0
22 77.5311776372 0.0
23 79.0932380793 0.0
24 78.603386016 0.0
25 77.695372685 0.0
26 77.2601822254 0.0
27 76.6544896098 0.0
28 76.0635135798 0.0
29 76.4774701088 0.0
30 77.8963591968 0.0
31 77.4159677957 0.0
32 76.7652844756 0.0
33 76.2083668294 0.0
34 77.8782788202 0.0
35 78.7560180323 0.0
36 78.573532371 0.0
37 78.2375737456 0.0
38 77.4372017263 0.0
39 77.5965613246 0.0
40 76.2180377285 0.0
41 76.7024236314 0.0
42 76.3982107835 0.0
43 75.60225374 0.0
44 76.2668126979 0.0
45 76.7083102657 0.0
46 77.1941678271 0.0
47 77.3627778506 0.0
48 77.2275955001 0.0
49 76.8912164009 0.0
50 75.64892634 0.0
51 74.2294065412 0.0
52 73.3691169948 0.0
53 72.4459666044 0.0
54 73.782442813 0.0
55 73.2713568191 0.0
56 72.9147949739 0.0
57 73.5778822733 0.0
58 73.0810923911 0.0
59 73.8949195743 0.0
60 73.1262933326 0.0
61 72.5479315188 0.0
62 72.5754725576 0.0
63 71.842796832 0.0
64 71.4666829517 0.0
65 72.3000621701 0.0
66 72.3120456755 0.0
67 73.195040811 0.0
68 73.3966580336 0.0
69 73.5331018057 0.0
70 73.3789981309 0.0
71 72.9629392325 0.0
72 72.991321219 0.0
73 72.8819980117 0.0
74 71.5268107157 0.0
75 69.6817713563 0.0
76 69.4322201121 0.0
77 69.9840920718 0.0
78 69.8024473582 0.0
79 68.881609574 0.0
80 69.732858932 0.0
81 70.3118514566 0.0
82 69.0941591173 0.0
83 68.694708937 0.0
84 68.227141989 0.0
85 67.7446482185 0.0
86 68.2088513755 0.0
87 66.8042583992 0.0
88 67.8888707573 0.0
89 67.2238913255 0.0
90 67.3540279895 0.0
91 66.8044686361 0.0
92 67.115409066 0.0
93 67.2707741625 0.0
94 67.0197512597 0.0
95 67.5789815122 0.0
96 67.6025280491 0.0
97 66.4651462198 0.0
98 65.7471870798 0.0
99 65.57626445 0.0
100 64.1823935575 0.0
101 64.4180691639 0.0
102 64.5984524559 0.0
103 64.4182794009 0.0
104 63.6046624546 0.0
105 63.6927517312 0.0
106 64.2378961089 0.0
107 63.9702644881 0.0
108 64.3751808288 0.0
109 64.1813423728 0.0
110 63.3147457184 0.0
111 62.7359634308 0.0
112 63.6145435906 0.0
113 63.8357128484 0.0
114 61.8159665943 0.0
115 61.4512055086 0.0
116 62.6220150109 0.0
117 62.888805684 0.0
118 62.5341359712 0.0
119 61.2069101878 0.0
120 60.4296642316 0.0
121 59.5815684276 0.0
122 59.2008293347 0.0
123 60.6190877118 0.0
124 59.9560004125 0.0
125 60.0285321557 0.0
126 59.8557173935 0.0
127 58.4822394839 0.0
128 58.4389306749 0.0
129 59.0149798823 0.0
130 58.2705308883 0.0
131 57.7012092628 0.0
132 57.9185942557 0.0
133 57.3124811663 0.0
134 57.7512456538 0.0
135 57.2761101762 0.0
136 56.8648867273 0.0
137 56.7204539516 0.0
138 57.7352676466 0.0
139 56.9891367571 0.0
140 56.4362136127 0.0
141 55.1123516203 0.0
142 56.014688554 0.0
143 56.7938266426 0.0
144 56.0191035297 0.0
145 56.5381785272 0.0
146 56.3880693542 0.0
147 56.2093679577 0.0
148 54.5754064831 0.0
149 53.9264050585 0.0
150 54.1763767766 0.0
151 53.7159578845 0.0
152 53.8126668756 0.0
153 53.2111789987 0.0
154 53.5082437907 0.0
155 53.7189012016 0.0
156 51.9846567081 0.0
157 51.5553528827 0.0
158 51.1983705636 0.0
159 50.7532989679 0.0
160 50.6080252444 0.0
161 50.2050010362 0.0
162 51.2929771853 0.0
163 50.3019202641 0.0
164 50.7226043751 0.0
165 51.4277390619 0.0
166 50.0235665595 0.0
167 49.19712516 0.0
168 49.1874542609 0.0
169 49.8578998531 0.0
170 50.1227983938 0.0
171 49.5469594233 0.0
172 49.30077197 0.0
173 49.3159090295 0.0
174 48.6511398346 0.0
175 47.4199923314 0.0
176 46.5622256283 0.0
177 47.461198771 0.0
178 47.0232752312 0.0
179 46.8777912708 0.0
180 46.4905348327 0.0
181 46.4592095291 0.0
182 46.756905032 0.0
183 46.5750500814 0.0
184 46.1827479569 0.0
185 45.7374661243 0.0
186 45.9399242947 0.0
187 45.8371184325 0.0
188 44.8485843546 0.0
189 44.1032944128 0.0
190 43.9197575668 0.0
191 44.1228464479 0.0
192 43.0678774979 0.0
193 42.7914159257 0.0
194 42.9804189321 0.0
195 42.9785267997 0.0
196 43.0077497339 0.0
197 42.7041675969 0.0
198 42.3385655634 0.0
199 42.1453578183 0.0
200 41.6698018667 0.0
201 40.6253447635 0.0
202 39.7930167298 0.0
203 40.3678045157 0.0
204 40.7933240762 0.0
205 39.4791329829 0.0
206 39.2739417323 0.0
207 40.0190214372 0.0
208 40.163243976 0.0
209 39.5365276667 0.0
210 38.6655160366 0.0
211 38.0993479652 0.0
212 38.9638422502 0.0
213 39.1578909431 0.0
214 38.9367216853 0.0
215 38.881219134 0.0
216 38.6150591717 0.0
217 38.1149054985 0.0
218 37.4282716622 0.0
219 36.9823591187 0.0
220 36.3606884959 0.0
221 35.9521981273 0.0
222 35.1612867702 0.0
223 34.6230802114 0.0
224 35.208590081 0.0
225 35.7383871623 0.0
226 35.362063045 0.0
227 34.4025416645 0.0
228 34.6842591601 0.0
229 35.0668903855 0.0
230 34.4599363483 0.0
231 33.1470066765 0.0
232 33.1089537909 0.0
233 33.2964851387 0.0
234 32.4931698024 0.0
235 32.1050724166 0.0
236 31.8431171931 0.0
237 31.8014902795 0.0
238 32.3352818627 0.0
239 32.240675241 0.0
240 31.1442896144 0.0
241 30.2413219699 0.0
242 30.7732214205 0.0
243 30.3203710582 0.0
244 29.4525129821 0.0
245 29.3049266523 0.0
246 29.4880430245 0.0
247 29.4813154425 0.0
248 29.4567177209 0.0
249 29.0143792054 0.0
250 28.5709895052 0.0
251 28.4141527501 0.0
252 27.4159477731 0.0
253 27.3360577371 0.0
254 27.2040289406 0.0
255 27.2176943415 0.0
256 27.4081690065 0.0
257 27.2208478956 0.0
258 26.1890050086 0.0
259 26.2794068916 0.0
260 26.4154301898 0.0
261 25.6938970219 0.0
262 25.2948673155 0.0
263 25.2101418298 0.0
264 25.0955626992 0.0
265 24.8783879432 0.0
266 24.4923929268 0.0
267 24.2295967555 0.0
268 24.5039559584 0.0
269 23.6554396805 0.0
270 23.5377069958 0.0
271 22.8857622541 0.0
272 22.7419601891 0.0
273 22.9711184505 0.0
274 22.505443635 0.0
275 22.5233137746 0.0
276 22.184832306 0.0
277 21.6792124725 0.0
278 20.9023869901 0.0
279 20.5580188873 0.0
280 20.6231923378 0.0
281 20.3606064034 0.0
282 20.5218581341 0.0
283 20.4333483836 0.0
284 20.422205826 0.0
285 19.7185427977 0.0
286 19.0594500001 0.0
287 19.0583988155 0.0
288 18.4445069593 0.0
289 18.3679807143 0.0
290 18.1533288016 0.0
291 17.5657165626 0.0
292 16.9661208182 0.0
293 17.2158822993 0.0
294 16.9190277443 0.0
295 17.0479029867 0.0
296 16.909987556 0.0
297 16.3530699098 0.0
298 16.1636464295 0.0
299 15.7404394753 0.0
300 15.4088958256 0.0
301 15.2867481652 0.0
302 15.3527625634 0.0
303 14.5189628712 0.0
304 14.5305259027 0.0
305 13.8689102619 0.0
306 13.7354098069 0.0
307 13.8638645754 0.0
308 13.4555844437 0.0
309 13.1288762435 0.0
310 12.8347547686 0.0
311 12.6690880622 0.0
312 12.4659991811 0.0
313 12.1796564728 0.0
314 12.1064940188 0.0
315 12.0905160115 0.0
316 11.6223183528 0.0
317 11.4539185662 0.0
318 11.4190192347 0.0
319 10.7824217894 0.0
320 10.5894242812 0.0
321 10.3676243126 0.0
322 9.9770040836 0.0
323 9.6147658411 0.0
324 9.1270161472 0.0
325 8.65797754069 0.0
326 8.76288577226 0.0
327 8.67206341547 0.0
328 8.463298137 0.0
329 8.30646138198 0.0
330 8.09958823594 0.0
331 7.76762411237 0.0
332 7.54456272219 0.0
333 7.38183933293 0.0
334 6.94244413454 0.0
335 6.54509632356 0.0
336 6.67355109208 0.0
337 6.36639492708 0.0
338 5.9196414359 0.0
339 5.8328135809 0.0
340 5.60218366099 0.0
341 5.15690182836 0.0
342 4.94246015259 0.0
343 4.77889581558 0.0
344 4.70047743807 0.0
345 4.60902437046 0.0
346 4.41098117578 0.0
347 3.84334144581 0.0
348 3.33036331946 0.0
349 3.26434892123 0.0
350 2.91577607964 0.0
351 2.91199181477 0.0
352 2.99398422022 0.0
353 2.56888513355 0.0
354 2.11582453425 0.0
355 2.02268957115 0.0
356 2.03341165493 0.0
357 1.6823159701 0.0
358 1.28013270956 0.0
359 1.07599264371 0.0
360 0.814247657109 0.0
361 0.654047111094 0.0
362 0.566168071416 0.0
363 0.375272932595 0.0
364 0.322923935275 0.0
365 0.133290218076 0.0
366 0.0870380919296 0.0
367 0.0929247261664 0.0
368 -0.165035995567 0.0
369 -0.281086784806 0.0
370 -0.223271627124 0.0
371 -0.257330010922 0.0
372 -0.321242039779 0.0
373 -0.386625727194 0.0
374 -0.489431589401 0.0
375 -0.41521795063 0.0
376 -0.356351608262 0.0
377 -0.35866421457 0.0
378 -0.359925636192 0.0
379 -0.191105375758 0.0
380 -0.363499664121 0.0
381 -0.419843163245 0.0
382 -0.382841462328 0.0
383 -0.450327519114 0.0
384 -0.36076658394 0.0
385 -0.353198054207 0.0
386 -0.408490368645 0.0
387 -0.329231043386 0.0
388 -0.358453977633 0.0
389 -0.309258534368 0.0
390 -0.360135873129 0.0
391 -0.350675210963 0.0
392 -0.329231043386 0.0
393 -0.260693801915 0.0
394 -0.285711997421 0.0
395 -0.238198449653 0.0
396 -0.338691705552 0.0
397 -0.269733990207 0.0
398 -0.0782081405744 0.0
399 0.666240853442 0.0
400 1.81434476655 0.0
401 3.42139591319 0.0
402 5.03265179858 0.0
403 6.40802184061 0.0
404 8.10484415937 0.0
405 10.8187927795 0.0
406 14.1632419737 0.0
407 17.1925459993 0.0
408 20.1074811312 0.0
409 23.0545825145 0.0
410 24.9950694433 0.0
411 28.1105706131 0.0
412 29.8961129193 0.0
413 32.1984176166 0.0
414 34.0871862589 0.0
415 36.4857794735 0.0
416 38.1775561057 0.0
417 40.8555542096 0.0
418 42.4562982481 0.0
419 45.534797717 0.0
420 50.4217553182 0.0
421 52.3725438569 0.0
422 54.7414936634 0.0
423 58.2865088955 0.0
424 60.9739676615 0.0
425 63.3246268545 0.0
426 66.0148187007 0.0
427 67.4137352797 0.0
428 70.7527183135 0.0
429 74.7224121585 0.0
430 77.4693679777 0.0
431 79.7300457616 0.0
432 81.5227361236 0.0
433 83.9732578616 0.0
434 86.4134779897 0.0
435 87.8649538029 0.0
436 85.5319545127 0.0
437 88.8101790718 0.0
438 93.0674770466 0.0
439 94.8343082654 0.0
440 97.0142550654 0.0
441 100.061429231 0.0
442 101.042184542 0.0
443 101.64493384 0.0
444 102.892059351 0.0
445 104.639759008 0.0
446 107.508652251 0.0
447 107.755470415 0.0
448 108.629425362 0.0
449 108.373777247 0.0
450 109.597776694 0.0
451 110.981345977 0.0
452 112.621194086 0.0
453 112.00519986 0.0
454 113.832999791 0.0
455 112.96409053 0.0
456 110.847425048 0.0
457 110.693321373 0.0
458 110.625414843 0.0
459 113.379728955 0.0
460 113.234244994 0.0
461 110.606703755 0.0
462 109.725390515 0.0
463 109.685025023 0.0
464 109.757136293 0.0
465 109.759869373 0.0
466 110.624363658 0.0
467 110.486658464 0.0
468 109.26244878 0.0
469 110.351476114 0.0
470 109.40246658 0.0
471 110.486868701 0.0
472 108.201803432 0.0
473 106.619350007 0.0
474 105.445807425 0.0
475 106.277294511 0.0
476 108.79845586 0.0
477 110.254767123 0.0
478 107.752947572 0.0
479 107.596741528 0.0
480 105.010196491 0.0
481 104.686011135 0.0
482 105.347416538 0.0
483 106.603161763 0.0
484 105.541465231 0.0
485 107.389658145 0.0
486 108.79572278 0.0
487 108.701326395 0.0
488 108.022050851 0.0
489 108.389755254 0.0
490 107.538716133 0.0
491 104.574585558 0.0
492 105.30473844 0.0
493 104.626514081 0.0
494 103.058356768 0.0
495 103.716608618 0.0
496 102.111239367 0.0
497 102.385808807 0.0
498 101.25094982 0.0
499 102.591210294 0.0
500 102.514263575 0.0
501 102.255251669 0.0
502 101.12123363 0.0
503 101.167065283 0.0
504 101.740591647 0.0
505 99.3684882863 0.0
506 100.401172121 0.0
507 97.9193250794 0.0
508 98.2504482552 0.0
509 99.6493648342 0.0
510 98.9766066357 0.0
511 98.4592135336 0.0
512 97.4790889332 0.0
513 97.7277992297 0.0
514 100.873784755 0.0
515 102.008013031 0.0
516 100.275029959 0.0
517 98.1165273263 0.0
518 97.4708896927 0.0
519 97.396465817 0.0
520 98.6053282049 0.0
521 97.6838597099 0.0
522 97.1128561889 0.0
523 98.1079076119 0.0
524 98.2037756551 0.0
525 96.100985811 0.0
526 96.9726281519 0.0
527 94.832205896 0.0
528 93.4030151981 0.0
529 93.5194864612 0.0
530 93.3119826044 0.0
531 94.5103331454 0.0
532 95.2724420422 0.0
533 93.162924616 0.0
534 94.3974359103 0.0
535 93.4784902585 0.0
536 93.1059504061 0.0
537 94.4821613959 0.0
538 92.7603208816 0.0
539 92.3821046319 0.0
540 92.9783365853 0.0
541 93.2840210918 0.0
542 91.951118911 0.0
543 90.5475771194 0.0
544 91.0588733503 0.0
545 91.3822177594 0.0
546 90.1378253291 0.0
547 90.9167531808 0.0
548 91.6454344046 0.0
549 92.2202221904 0.0
550 91.957636256 0.0
551 92.518548404 0.0
552 92.2519679679 0.0
553 92.7588492231 0.0
554 93.142952107 0.0
555 91.861137502 0.0
556 89.2193001513 0.0
557 87.6692232146 0.0
558 88.0264157706 0.0
559 88.1994407697 0.0
560 87.3387307495 0.0
561 87.0519675674 0.0
562 86.3064673887 0.0
563 87.3656410775 0.0
564 86.4254614951 0.0
565 85.7941199732 0.0
566 85.3122569135 0.0
567 85.7175937281 0.0
568 86.8476172646 0.0
569 86.4136882266 0.0
570 85.2533905712 0.0
571 83.3234154892 0.0
572 85.1259869873 0.0
573 84.8139953728 0.0
574 84.2537139356 0.0
575 82.5922114223 0.0
576 83.3858558595 0.0
577 83.3986803127 0.0
578 83.0084805576 0.0
579 82.6756754863 0.0
580 83.5675005731 0.0
581 82.4908772186 0.0
582 82.6678967196 0.0
583 81.3413016469 0.0
584 82.0725057139 0.0
585 82.5072756997 0.0
586 82.6241674367 0.0
587 81.4781658929 0.0
588 80.4553631943 0.0
589 79.6932542976 0.0
590 79.6827424507 0.0
591 79.2586945487 0.0
592 80.3714786564 0.0
593 79.5446167831 0.0
594 78.9042350729 0.0
595 77.9064505698 0.0
596 80.2705649267 0.0
597 80.7591555683 0.0
598 80.1551448482 0.0
599 78.125937932 0.0
600 79.74181903 0.0
601 80.5323099133 0.0
602 78.9492257774 0.0
603 77.2904563443 0.0
604 77.5341209543 0.0
605 77.4321560398 0.0
606 78.0357462861 0.0
607 76.4738960809 0.0
608 76.4255415854 0.0
609 77.5505194354 0.0
610 76.2602953529 0.0
611 75.7864212968 0.0
612 75.6819335391 0.0
613 75.6644838733 0.0
614 76.4711630007 0.0
615 74.9490475766 0.0
616 75.2566242155 0.0
617 73.5492900499 0.0
618 72.9831219785 0.0
619 73.1567776884 0.0
620 72.887674409 0.0
621 73.1454248938 0.0
622 72.6681870468 0.0
623 72.3099433061 0.0
624 71.7978061275 0.0
625 73.6466297517 0.0
626 74.3948630106 0.0
627 74.3359966682 0.0
628 74.4331261331 0.0
629 74.3931811151 0.0
630 74.3141320268 0.0
631 73.7912727644 0.0
632 73.8236492527 0.0
633 73.1527831866 0.0
634 72.6526295135 0.0
635 72.7936984982 0.0
636 72.069852724 0.0
637 69.9584431654 0.0
638 69.6010403725 0.0
639 68.7851108199 0.0
640 69.7492574131 0.0
641 70.5294466864 0.0
642 70.447244044 0.0
643 70.2952427386 0.0
644 70.337290126 0.0
645 69.8354545573 0.0
646 67.5524916581 0.0
647 65.9452302745 0.0
648 66.3881995008 0.0
649 66.023858889 0.0
650 66.0394164223 0.0
651 66.3127244404 0.0
652 66.6524673307 0.0
653 65.2611192814 0.0
654 65.0306995984 0.0
655 64.4262684045 0.0
656 65.4448663644 0.0
657 66.320713444 0.0
658 66.7811323361 0.0
659 66.1853208566 0.0
660 64.3734989333 0.0
661 63.9320013655 0.0
662 62.2900508873 0.0
663 63.3553214473 0.0
664 62.9251766741 0.0
665 62.5463297136 0.0
666 63.9450360556 0.0
667 63.8527420403 0.0
668 62.2501058693 0.0
669 61.4501543239 0.0
670 61.0511246174 0.0
671 60.8675877714 0.0
672 60.8982823642 0.0
673 60.4237775973 0.0
674 59.7693100124 0.0
675 59.6088992294 0.0
676 59.2250065824 0.0
677 59.199567913 0.0
678 59.6044842537 0.0
679 59.1634071599 0.0
680 57.6114380907 0.0
681 57.6084947736 0.0
682 58.6678786993 0.0
683 59.954318517 0.0
684 58.7845601993 0.0
685 58.0987673108 0.0
686 57.303230741 0.0
687 56.9340546796 0.0
688 56.8009746985 0.0
689 56.7233972687 0.0
690 56.3914331451 0.0
691 56.0655658928 0.0
692 56.5297690497 0.0
693 56.0596792585 0.0
694 55.804451617 0.0
695 56.2419546829 0.0
696 57.0961473581 0.0
697 57.3976271258 0.0
698 57.0070068968 0.0
699 56.8451244553 0.0
700 56.7488359381 0.0
701 56.4917161641 0.0
702 56.2480515541 0.0
703 56.0176318711 0.0
704 55.5853847286 0.0
705 55.3785115825 0.0
706 54.4948857362 0.0
707 53.8559756846 0.0
708 53.1996159672 0.0
709 52.4742985344 0.0
710 52.1728187667 0.0
711 51.7426739936 0.0
712 51.1828130303 0.0
713 51.4916510908 0.0
714 50.3464904948 0.0
715 50.6631073219 0.0
716 50.6885459913 0.0
717 50.0593068388 0.0
718 49.3001412592 0.0
719 49.2597757673 0.0
720 49.6684763729 0.0
721 49.6297927765 0.0
722 49.8801849685 0.0
723 48.9364313581 0.0
724 48.820170332 0.0
725 48.1177687253 0.0
726 47.9903651415 0.0
727 48.3711042345 0.0
728 47.8307953063 0.0
729 47.6550372269 0.0
730 48.3113969443 0.0
731 47.8722119829 0.0
732 46.6929930031 0.0
733 47.4391238926 0.0
734 47.9449539631 0.0
735 48.0202187866 0.0
736 47.9300271406 0.0
737 47.6890956107 0.0
738 47.3216014448 0.0
739 47.0224342834 0.0
740 45.7828773027 0.0
741 45.1839122691 0.0
742 44.2679099345 0.0
743 44.8056960194 0.0
744 44.3509535246 0.0
745 43.5800146765 0.0
746 43.6632685036 0.0
747 43.6533873676 0.0
748 42.4737479139 0.0
749 42.2700283219 0.0
750 42.9123021645 0.0
751 42.3907043238 0.0
752 41.3445653251 0.0
753 41.5907527784 0.0
754 41.2390263827 0.0
755 41.2030758665 0.0
756 41.2825454287 0.0
757 40.8629125024 0.0
758 40.5948604077 0.0
759 39.9637291227 0.0
760 39.2461904566 0.0
761 40.2948522985 0.0
762 40.0959681561 0.0
763 39.9815992624 0.0
764 40.2992672742 0.0
765 40.6301802131 0.0
766 40.450217395 0.0
767 40.320080731 0.0
768 40.2584813084 0.0
769 39.7288944641 0.0
770 39.5377890883 0.0
771 39.2762543386 0.0
772 38.8969869042 0.0
773 38.6068599311 0.0
774 38.3106360869 0.0
775 37.7778956884 0.0
776 36.9956040458 0.0
777 36.3907523779 0.0
778 36.5816475167 0.0
779 36.4496187203 0.0
780 36.0049675985 0.0
781 35.3517614351 0.0
782 35.6633325758 0.0
783 35.2079593702 0.0
784 35.0492304827 0.0
785 35.4259750739 0.0
786 34.9457939097 0.0
787 34.2169024491 0.0
788 33.7632111389 0.0
789 33.8481468615 0.0
790 33.5582301253 0.0
791 32.8732781845 0.0
792 32.2844045239 0.0
793 31.7516641255 0.0
794 32.5265974753 0.0
795 32.0352737535 0.0
796 31.3465375478 0.0
797 31.6019754263 0.0
798 32.3113148518 0.0
799 32.056928158 0.0
800 31.3196272199 0.0
801 31.1848653432 0.0
802 31.2746365153 0.0
803 30.7036329944 0.0
804 30.1927572374 0.0
805 29.6640113408 0.0
806 29.7354918994 0.0
807 29.8065519841 0.0
808 30.3239450861 0.0
809 30.2667606392 0.0
810 29.2916817253 0.0
811 28.2661459465 0.0
812 28.194455151 0.0
813 28.0605342221 0.0
814 28.1765850113 0.0
815 27.9798032382 0.0
816 27.686732948 0.0
817 27.2391385091 0.0
818 26.8499899387 0.0
819 27.5454537263 0.0
820 27.1645043965 0.0
821 26.6675042773 0.0
822 26.1850105068 0.0
823 25.8032202292 0.0
824 26.2083468068 0.0
825 26.548299934 0.0
826 26.3235566483 0.0
827 26.2941234772 0.0
828 26.1599923113 0.0
829 25.6611000598 0.0
830 25.463267102 0.0
831 24.4675849683 0.0
832 24.2258124907 0.0
833 24.0828513735 0.0
834 23.8658868545 0.0
835 23.6651105796 0.0
836 23.0215753154 0.0
837 22.8111281414 0.0
838 22.8567495567 0.0
839 22.3006728583 0.0
840 21.9785898708 0.0
841 21.9066888383 0.0
842 22.0504909032 0.0
843 22.3780400511 0.0
844 21.7143220409 0.0
845 21.2007132038 0.0
846 21.059854456 0.0
847 20.7287312801 0.0
848 20.3334858385 0.0
849 20.2540162763 0.0
850 20.145113543 0.0
851 20.0397848375 0.0
852 19.7240089581 0.0
853 19.5175562859 0.0
854 19.2539191669 0.0
855 18.8197798919 0.0
856 18.6709321405 0.0
857 18.9682071695 0.0
858 18.9240574127 0.0
859 18.8834816839 0.0
860 18.2117746701 0.0
861 17.5728646184 0.0
862 17.2642367949 0.0
863 17.1885514975 0.0
864 16.6869261658 0.0
865 17.0010201497 0.0
866 17.0254076344 0.0
867 16.3478139864 0.0
868 15.8842415402 0.0
869 16.1100360106 0.0
870 15.721307914 0.0
871 15.2432291192 0.0
872 15.220733767 0.0
873 15.0651584336 0.0
874 14.6432129009 0.0
875 14.3314315233 0.0
876 14.4075372945 0.0
877 14.1043756313 0.0
878 13.8554550979 0.0
879 13.8287550069 0.0
880 13.6561504816 0.0
881 13.6935726564 0.0
882 13.2169655201 0.0
883 12.4956425892 0.0
884 12.6243075947 0.0
885 12.76327421 0.0
886 12.6608888217 0.0
887 12.1865942918 0.0
888 11.7377384312 0.0
889 11.6446034681 0.0
890 11.2947692049 0.0
891 11.0370187201 0.0
892 11.1782979418 0.0
893 10.9125584534 0.0
894 10.6323126163 0.0
895 10.2702846108 0.0
896 10.1290053891 0.0
897 9.73354971052 0.0
898 9.52205135187 0.0
899 9.76592619882 0.0
900 9.64104545823 0.0
901 9.44363297436 0.0
902 9.23024248328 0.0
903 9.02442052193 0.0
904 8.74669752811 0.0
905 8.41704601085 0.0
906 7.85697481061 0.0
907 7.64421503034 0.0
908 7.21638286349 0.0
909 7.19241585266 0.0
910 7.0103506652 0.0
911 6.63423678486 0.0
912 6.61363356503 0.0
913 6.43261956225 0.0
914 6.30269313516 0.0
915 5.90114058544 0.0
916 5.77647008178 0.0
917 5.75292354483 0.0
918 5.42957913569 0.0
919 5.07406847517 0.0
920 4.95002868232 0.0
921 4.46164827761 0.0
922 4.31385171088 0.0
923 4.19296547209 0.0
924 3.99681440984 0.0
925 3.69407322052 0.0
926 3.76387188361 0.0
927 3.59294925381 0.0
928 3.57003342767 0.0
929 3.3175388663 0.0
930 3.00722914725 0.0
931 2.5680441858 0.0
932 2.41709406501 0.0
933 2.15135457661 0.0
934 1.83915272512 0.0
935 1.77313832689 0.0
936 1.6823159701 0.0
937 1.50866026011 0.0
938 1.16597405276 0.0
939 0.776615245381 0.0
940 0.557338120061 0.0
941 0.427832166852 0.0
942 0.324395593834 0.0
943 0.219907836131 0.0
944 0.148427277542 0.0
945 -0.0689577153452 0.0
946 -0.258591432544 0.0
947 -0.276461572192 0.0
948 -0.198884142428 0.0
949 -0.280245837058 0.0
950 -0.264478066781 0.0
951 -0.318088485723 0.0
952 -0.377795775839 0.0
953 -0.352146869522 0.0
954 -0.338060994741 0.0
955 -0.403654919094 0.0
956 -0.37211937854 0.0
957 -0.420473874056 0.0
958 -0.377585538902 0.0
959 -0.385784779446 0.0
960 -0.373591037099 0.0
961 -0.365602033492 0.0
962 -0.281717495618 0.0
963 -0.30421284788 0.0
964 -0.247028401008 0.0
965 -0.37064771998 0.0
966 -0.414797476756 0.0
967 -0.411854159638 0.0
968 -0.393563546116 0.0
969 -0.443599937129 0.0
970 -0.444020411003 0.0
971 -0.45768581191 0.0
972 -0.475555951557 0.0
973 -0.482283533542 0.0
974 -0.532530161492 0.0
975 -0.458106285784 0.0
976 -0.414587239819 0.0
977 -0.434139274963 0.0
978 -0.378006012776 0.0
979 -0.228948024423 0.0
980 -0.227476365864 0.0
981 -0.292649816343 0.0
982 -0.323764883023 0.0
983 0.134972113572 0.0
984 0.670866066056 0.0
985 1.34299355373 0.0
986 2.15219552436 0.0
987 2.69649895432 0.0
988 3.508854479 0.0
989 4.18455599461 0.0
990 5.31563071582 0.0
991 6.77278292636 0.0
992 8.73198094252 0.0
993 11.73164156 0.0
994 13.9944217133 0.0
995 16.8813953325 0.0
996 20.2039798853 0.0
997 22.7671886216 0.0
998 25.2124544361 0.0
999 28.3172335222 0.0
1000 32.9832321026 0.0
1001 35.4661303289 0.0
1002 38.1119621814 0.0
1003 40.4277220427 0.0
1004 44.0690257921 0.0
1005 46.8380564897 0.0
1006 49.6916024359 0.0
1007 52.5211813714 0.0
1008 55.0055512563 0.0
1009 57.1379845085 0.0
1010 57.8237773971 0.0
1011 62.488094082 0.0
1012 67.6832590329 0.0
1013 69.3834451427 0.0
1014 70.0307646718 0.0
1015 74.1810520456 0.0
1016 77.4290024858 0.0
1017 79.7508592183 0.0
1018 81.0019792306 0.0
1019 80.4644033826 0.0
1020 84.2638053086 0.0
1021 86.2736704266 0.0
1022 89.8067021533 0.0
1023 92.4308796013 0.0
1024 92.4537954274 0.0
1025 93.7303541091 0.0
1026 93.4105837278 0.0
1027 97.0989805511 0.0
1028 99.1946223394 0.0
1029 99.3298046899 0.0
1030 102.252939062 0.0
1031 105.541044757 0.0
1032 105.019657154 0.0
1033 106.187523339 0.0
1034 107.114668231 0.0
1035 108.462286997 0.0
1036 107.125600552 0.0
1037 107.367583266 0.0
1038 106.41941468 0.0
1039 107.443058327 0.0
1040 107.211797696 0.0
1041 107.820854103 0.0
1042 108.723191036 0.0
1043 108.183302582 0.0
1044 108.065569897 0.0
1045 106.114360885 0.0
1046 108.150085146 0.0
1047 106.889924945 0.0
1048 107.673688247 0.0
1049 105.930613802 0.0
1050 105.468933488 0.0
1051 106.898754897 0.0
1052 107.043818383 0.0
1053 107.756942074 0.0
1054 106.863435091 0.0
1055 106.908425796 0.0
1056 106.091445059 0.0
1057 105.723109945 0.0
1058 103.229069161 0.0
1059 103.361097957 0.0
1060 104.433096099 0.0
1061 104.187959831 0.0
1062 105.054766722 0.0
1063 105.800687375 0.0
1064 102.939993373 0.0
1065 103.163685474 0.0
1066 102.96143754 0.0
1067 105.211183003 0.0
1068 103.165577606 0.0
1069 102.61139304 0.0
1070 101.943049817 0.0
1071 102.353011844 0.0
1072 101.360693502 0.0
1073 102.784207802 0.0
1074 101.884814186 0.0
1075 101.941157685 0.0
1076 100.37173895 0.0
1077 100.896700582 0.0
1078 100.767194628 0.0
1079 99.9741809019 0.0
1080 101.850755802 0.0
1081 100.49598898 0.0
1082 98.591452567 0.0
1083 98.471197039 0.0
1084 99.2038727646 0.0
1085 100.320020663 0.0
1086 99.9426453613 0.0
1087 98.2123953696 0.0
1088 99.7155894693 0.0
1089 98.2853475867 0.0
1090 97.5022149963 0.0
1091 97.1321979871 0.0
1092 98.4148535399 0.0
1093 97.1187428231 0.0
1094 96.5841102923 0.0
1095 97.3468498998 0.0
1096 98.8193494068 0.0
1097 98.2908137471 0.0
1098 98.9137457915 0.0
1099 99.7004524099 0.0
1100 99.8362654712 0.0
1101 99.6039536558 0.0
1102 99.4776012566 0.0
1103 99.0583888042 0.0
1104 98.2163898714 0.0
1105 95.9285915226 0.0
1106 93.794055901 0.0
1107 95.052744443 0.0
1108 94.2639354552 0.0
1109 94.5631026166 0.0
1110 95.6409873928 0.0
1111 94.6898754897 0.0
1112 95.2526797701 0.0
1113 96.5643480202 0.0
1114 96.3721914598 0.0
1115 94.2849591489 0.0
1116 92.1224620147 0.0
1117 90.9268445538 0.0
1118 91.9656252597 0.0
1119 92.7895438159 0.0
1120 92.1678731931 0.0
1121 91.8531484983 0.0
1122 92.2969586724 0.0
1123 92.1655605868 0.0
1124 91.5113032387 0.0
1125 92.2263190616 0.0
1126 90.9236909997 0.0
1127 89.9452482948 0.0
1128 89.4406796459 0.0
1129 89.9076158831 0.0
1130 89.8123785506 0.0
1131 89.5882659757 0.0
1132 90.3951553401 0.0
1133 89.7892524875 0.0
1134 88.0232622165 0.0
1135 87.4854761316 0.0
1136 89.7772689821 0.0
1137 89.3149579576 0.0
1138 88.1906108184 0.0
1139 87.9065807165 0.0
1140 88.9766867259 0.0
1141 88.8654713862 0.0
1142 86.7500673259 0.0
1143 86.5715761663 0.0
1144 86.2480215202 0.0
1145 85.6032248344 0.0
1146 85.5740019001 0.0
1147 85.5136638992 0.0
1148 85.93161493 0.0
1149 84.1879097743 0.0
1150 84.2938691906 0.0
1151 85.2893410874 0.0
1152 85.811359402 0.0
1153 84.6157419412 0.0
1154 84.3207795185 0.0
1155 84.6989957682 0.0
1156 82.2402747897 0.0
1157 83.0944674648 0.0
1158 85.3498893253 0.0
1159 84.6556869592 0.0
1160 83.364201455 0.0
1161 83.6673631182 0.0
1162 83.4995940425 0.0
1163 83.0025939233 0.0
1164 82.0783923482 0.0
1165 81.6686405579 0.0
1166 82.6262698061 0.0
1167 81.4605059902 0.0
1168 81.0938527721 0.0
1169 82.0983648572 0.0
1170 81.7397006426 0.0
1171 79.8723761679 0.0
1172 80.5930683881 0.0
1173 79.4222588858 0.0
1174 80.0096608878 0.0
1175 79.7903837625 0.0
1176 79.4924780227 0.0
1177 79.6833731615 0.0
1178 79.4954213398 0.0
1179 77.7401531526 0.0
1180 77.2339026082 0.0
1181 76.8428619054 0.0
1182 78.1004992627 0.0
1183 77.4277410642 0.0
1184 77.7485626301 0.0
1185 77.3264068605 0.0
1186 77.4336276984 0.0
1187 77.8696591058 0.0
1188 77.2788933128 0.0
1189 75.6611200823 0.0
1190 74.0292609771 0.0
1191 76.1980652195 0.0
1192 78.5682764475 0.0
1193 78.5573441268 0.0
1194 78.1967877798 0.0
1195 77.8982513292 0.0
1196 77.5854187669 0.0
1197 76.3837044349 0.0
1198 75.0116981838 0.0
1199 74.7354468486 0.0
1200 73.659033731 0.0
1201 72.5418346476 0.0
1202 73.074785283 0.0
1203 72.3677584638 0.0
1204 73.3430476147 0.0
1205 73.4410180273 0.0
1206 72.9988897487 0.0
1207 71.8720197663 0.0
1208 71.4530175508 0.0
1209 70.8004420982 0.0
1210 71.178448111 0.0
1211 72.7402983162 0.0
1212 73.966189896 0.0
1213 72.1375490177 0.0
1214 72.4814966467 0.0
1215 72.0551361384 0.0
1216 70.7419962297 0.0
1217 69.8699334149 0.0
1218 69.2070563525 0.0
1219 69.5499527968 0.0
1220 69.4976037995 0.0
1221 69.6138648256 0.0
1222 69.225557203 0.0
1223 68.7796446595 0.0
1224 68.7977250361 0.0
1225 67.5268427518 0.0
1226 67.3672729166 0.0
1227 67.8974904718 0.0
1228 67.1585076381 0.0
1229 67.3163955778 0.0
1230 68.4203497341 0.0
1231 67.9809545358 0.0
1232 66.7580062731 0.0
1233 66.2219020836 0.0
1234 66.544405545 0.0
1235 66.7840756533 0.0
1236 67.299156149 0.0
1237 68.0105979439 0.0
1238 68.0885958475 0.0
1239 65.8129912411 0.0
1240 64.050574998 0.0
1241 65.5401036969 0.0
1242 64.6600518785 0.0
1243 66.2998999873 0.0
1244 66.4786013837 0.0
1245 66.5158133216 0.0
1246 66.1796444593 0.0
1247 66.3667553333 0.0
1248 66.1035386881 0.0
1249 65.466310532 0.0
1250 64.1363516683 0.0
1251 63.0799110598 0.0
1252 63.3845443815 0.0
1253 63.2712266725 0.0
1254 62.4725365487 0.0
1255 63.7886197745 0.0
1256 64.0169370881 0.0
1257 62.7410091173 0.0
1258 60.9905763796 0.0
1259 60.0163384134 0.0
1260 60.8608601894 0.0
1261 61.9877301719 0.0
1262 60.7561621948 0.0
1263 59.3242384167 0.0
1264 59.2893390851 0.0
1265 59.4913767816 0.0
1266 58.9273110796 0.0
1267 57.8305049791 0.0
1268 58.148172991 0.0
1269 58.361773719 0.0
1270 57.7546094448 0.0
1271 57.3232032501 0.0
1272 58.5629704677 0.0
1273 57.9291061026 0.0
1274 57.8620405197 0.0
1275 56.578754256 0.0
1276 56.8646764904 0.0
1277 56.859420567 0.0
1278 56.3479140992 0.0
1279 55.2731828771 0.0
1280 55.9190307476 0.0
1281 56.6445584173 0.0
1282 56.762501339 0.0
1283 55.5809697529 0.0
1284 54.939747095 0.0
1285 55.3286854285 0.0
1286 55.0824979752 0.0
1287 54.485635311 0.0
1288 54.0458196387 0.0
1289 54.3800963686 0.0
1290 54.3536065145 0.0
1291 54.2491187568 0.0
1292 53.7609485891 0.0
1293 53.163665451 0.0
1294 53.4981524178 0.0
1295 53.1319196735 0.0
1296 52.6101115958 0.0
1297 51.4178579259 0.0
1298 52.6113730174 0.0
1299 52.4059715299 0.0
1300 50.9679508806 0.0
1301 50.4564444128 0.0
1302 50.9919178915 0.0
1303 50.8127960211 0.0
1304 50.8968907959 0.0
1305 50.2628161938 0.0
1306 51.4111303439 0.0
1307 51.0377495437 0.0
1308 50.3570023416 0.0
1309 49.3850769818 0.0
1310 49.7761176846 0.0
1311 50.6490214472 0.0
1312 50.9275853887 0.0
1313 49.494400189 0.0
1314 48.8271081509 0.0
1315 48.8830311761 0.0
1316 48.5071275327 0.0
1317 47.9134184226 0.0
1318 48.3267442408 0.0
1319 48.0633173587 0.0
1320 47.7456493468 0.0
1321 46.9131110762 0.0
1322 47.1487866826 0.0
1323 46.8473069149 0.0
1324 46.7606892968 0.0
1325 46.6368597409 0.0
1326 46.3175098336 0.0
1327 45.6840659423 0.0
1328 46.4110652706 0.0
1329 46.810305214 0.0
1330 46.9154236825 0.0
1331 46.7390348923 0.0
1332 46.5418326454 0.0
1333 45.7437732324 0.0
1334 45.0195069844 0.0
1335 44.9976423429 0.0
1336 44.6831278851 0.0
1337 43.4755269188 0.0
1338 42.5223126463 0.0
1339 42.5996798392 0.0
1340 43.2356465737 0.0
1341 43.2430048665 0.0
1342 42.8242128879 0.0
1343 42.0002943317 0.0
1344 42.0665189669 0.0
1345 42.1085663543 0.0
1346 41.9273421146 0.0
1347 42.663591868 0.0
1348 42.4523037463 0.0
1349 41.3597023846 0.0
1350 40.8681684258 0.0
1351 40.1380155435 0.0
1352 40.0841948876 0.0
1353 39.5771033955 0.0
1354 38.6245198338 0.0
1355 39.7635835587 0.0
1356 39.6813809163 0.0
1357 39.244929035 0.0
1358 38.5589259095 0.0
1359 38.6617317717 0.0
1360 38.016514612 0.0
1361 38.3533141851 0.0
1362 38.3566779761 0.0
1363 38.6066496942 0.0
1364 38.1441284327 0.0
1365 37.4595969658 0.0
1366 36.8854398908 0.0
1367 37.2548261891 0.0
1368 36.8047089069 0.0
1369 36.9327432016 0.0
1370 36.3333576941 0.0
1371 35.9448398345 0.0
1372 36.123330994 0.0
1373 35.7671896227 0.0
1374 35.358909491 0.0
1375 34.9050079439 0.0
1376 35.5432872848 0.0
1377 35.2958384099 0.0
1378 34.7136923313 0.0
1379 34.7708767781 0.0
1380 34.3693242284 0.0
1381 34.0493436102 0.0
1382 33.9398101661 0.0
1383 33.4501683397 0.0
1384 33.0442008143 0.0
1385 32.9821809179 0.0
1386 32.7978031241 0.0
1387 32.7820353538 0.0
1388 32.0922479635 0.0
1389 32.0390580184 0.0
1390 32.5198698934 0.0
1391 32.657995561 0.0
1392 32.6090103547 0.0
1393 32.45763976 0.0
1394 31.6909056507 0.0
1395 30.9569685035 0.0
1396 30.8474350593 0.0
1397 30.3535884942 0.0
1398 31.0458987279 0.0
1399 31.1377722693 0.0
1400 30.9292172278 0.0
1401 30.6535966034 0.0
1402 30.3840728501 0.0
1403 30.377765742 0.0
1404 30.2444755239 0.0
1405 29.9755824815 0.0
1406 29.6839838498 0.0
1407 29.189296337 0.0
1408 28.8970669945 0.0
1409 28.7339231314 0.0
1410 28.2224166636 0.0
1411 27.4209934596 0.0
1412 27.5052984714 0.0
1413 27.2538550947 0.0
1414 26.6609869323 0.0
1415 26.2249555249 0.0
1416 26.1442245411 0.0
1417 26.0914550699 0.0
1418 26.4692508457 0.0
1419 26.4219475349 0.0
1420 25.5715391246 0.0
1421 25.1630487559 0.0
1422 24.9317881252 0.0
1423 24.752245781 0.0
1424 24.8218342071 0.0
1425 24.1248987609 0.0
1426 23.9466178383 0.0
1427 23.043019483 0.0
1428 23.2835305389 0.0
1429 23.7698085743 0.0
1430 23.7298635562 0.0
1431 22.8588519261 0.0
1432 22.4390087629 0.0
1433 22.1585526889 0.0
1434 21.97795916 0.0
1435 21.7822285716 0.0
1436 21.9689189717 0.0
1437 21.6819455526 0.0
1438 21.3270656029 0.0
1439 21.2286747164 0.0
1440 21.103163265 0.0
1441 21.0445071596 0.0
1442 20.6040607765 0.0
1443 19.9828106276 0.0
1444 20.4711910323 0.0
1445 20.6826893909 0.0
1446 20.6561995369 0.0
1447 20.3593449818 0.0
1448 20.1898940105 0.0
1449 19.4561671003 0.0
1450 18.7897160099 0.0
1451 18.3492696269 0.0
1452 18.5174591765 0.0
1453 18.3509515224 0.0
1454 17.9840880672 0.0
1455 17.9702124294 0.0
1456 18.0255047438 0.0
1457 17.5549944788 0.0
1458 16.9215505875 0.0
1459 16.5542666585 0.0
1460 16.7924651082 0.0
1461 16.5139011666 0.0
1462 15.9887292979 0.0
1463 16.0501184835 0.0
1464 15.5808696401 0.0
1465 15.517798559 0.0
1466 15.4515739238 0.0
1467 15.4673416941 0.0
1468 15.2659347084 0.0
1469 14.6661287271 0.0
1470 14.7046020865 0.0
1471 14.3638080116 0.0
1472 14.2313587413 0.0
1473 13.9313506322 0.0
1474 13.7789288528 0.0
1475 13.6176771221 0.0
1476 13.3393234175 0.0
1477 12.9800284921 0.0
1478 12.7857695623 0.0
1479 12.7470859659 0.0
1480 12.8423232984 0.0
1481 12.5307521577 0.0
1482 12.0985050152 0.0
1483 11.8617782241 0.0
1484 11.6721445069 0.0
1485 11.7097769186 0.0
1486 11.3990467257 0.0
1487 11.1930145274 0.0
1488 11.0723385255 0.0
1489 10.5341319667 0.0
1490 10.5805943298 0.0
1491 10.3640502847 0.0
1492 10.1327896539 0.0
1493 9.59668546452 0.0
1494 9.27355129231 0.0
1495 9.05469464086 0.0
1496 8.98699834714 0.0
1497 8.96555417956 0.0
1498 8.84004272815 0.0
1499 8.50723765684 0.0
1500 8.29721095675 0.0
1501 7.5945991132 0.0
1502 7.65598829881 0.0
1503 7.69656402766 0.0
1504 7.32738796624 0.0
1505 7.06627369045 0.0
1506 7.05870516072 0.0
1507 6.85162177774 0.0
1508 6.62687849206 0.0
1509 6.39793046764 0.0
1510 6.11369012877 0.0
1511 5.98502512331 0.0
1512 5.90387366562 0.0
1513 5.79328903674 0.0
1514 5.53133381321 0.0
1515 5.16152704097 0.0
1516 5.01898639767 0.0
1517 4.75408785701 0.0
1518 4.53607215332 0.0
1519 4.47152941365 0.0
1520 4.35526838747 0.0
1521 3.88938333502 0.0
1522 3.74579150703 0.0
1523 3.36021696452 0.0
1524 3.16553756083 0.0
1525 3.17941319867 0.0
1526 3.02951426257 0.0
1527 2.90925873459 0.0
1528 2.39754202987 0.0
1529 2.18604367122 0.0
1530 2.03088881169 0.0
1531 1.97370436482 0.0
1532 1.79353130979 0.0
1533 1.55890688806 0.0
1534 1.30430995732 0.0
1535 1.01649559053 0.0
1536 0.893717219306 0.0
1537 0.811514576928 0.0
1538 0.682429097593 0.0
1539 0.576469681331 0.0
1540 0.366863455114 0.0
1541 0.225373996494 0.0
1542 0.158098176645 0.0
1543 0.116891736988 0.0
1544 0.00882995135518 0.0
1545 -0.105959416262 0.0
1546 -0.181224239718 0.0
1547 -0.271836359577 0.0
1548 -0.362028005562 0.0
1549 -0.277512756877 0.0
1550 -0.289496262288 0.0
1551 -0.41311558126 0.0
1552 -0.280666310932 0.0
1553 -0.290967920847 0.0
1554 -0.460629129028 0.0
1555 -0.322503461401 0.0
1556 -0.328600332575 0.0
1557 -0.318719196534 0.0
1558 -0.281927732555 0.0
1559 -0.307576638872 0.0
1560 -0.258801669481 0.0
1561 -0.297485265895 0.0
1562 -0.355720897451 0.0
1563 -0.273518255073 0.0
1564 -0.264478066781 0.0
1565 -0.316827064101 0.0
1566 -0.149057988353 0.0
1567 -0.214021201895 0.0
1568 -0.307156164998 0.0
1569 -0.303582137068 0.0
1570 -0.268262331648 0.0
1571 -0.286132471295 0.0
1572 -0.299587635265 0.0
1573 -0.327969621764 0.0
1574 -0.416899846127 0.0
1575 -0.422576243426 0.0
1576 -0.413746292071 0.0
1577 -0.406808473149 0.0
1578 -0.365181559618 0.0
1579 -0.279825363184 0.0
1580 -0.236096080282 0.0
1581 -0.341424785733 0.0
1582 -0.291178157784 0.0
1583 -0.293911237965 0.0
1584 -0.356141371325 0.0
1585 -0.330912938882 0.0
1586 -0.309468771305 0.0
1587 -0.27162612264 0.0
1588 -0.213180254146 0.0
1589 -0.256489063174 0.0
1590 -0.212129069461 0.0
1591 -0.0941861477885 0.0
1592 -0.128244531587 0.0
1593 -0.161672204575 0.0
1594 -0.216544045139 0.0
1595 -0.282558443366 0.0
1596 -0.31619635329 0.0
1597 -0.263637119033 0.0
1598 -0.34310668123 0.0
1599 -0.328810569512 0.0
1600 0.608425695759 0.0
1601 1.36590937987 0.0
1602 1.87825679541 0.0
1603 2.80224813365 0.0
1604 3.52146869522 0.0
1605 4.26991219104 0.0
1606 4.83418813002 0.0
1607 5.97262114403 0.0
1608 7.40980084555 0.0
1609 9.74658440062 0.0
1610 13.0548728417 0.0
1611 15.7133189104 0.0
1612 18.4331541647 0.0
1613 20.7800290928 0.0
1614 23.4857784723 0.0
1615 26.1690324996 0.0
1616 28.2594183645 0.0
1617 30.4584967258 0.0
1618 32.3115250888 0.0
1619 35.5140643505 0.0
1620 37.428902373 0.0
1621 40.2952727724 0.0
1622 42.6495059932 0.0
1623 44.9017742996 0.0
1624 47.5921763828 0.0
1625 50.0611989712 0.0
1626 51.2006831699 0.0
1627 53.1058502933 0.0
1628 54.5844466714 0.0
1629 56.3710401623 0.0
1630 59.0389468931 0.0
1631 61.5102820879 0.0
1632 62.5618872469 0.0
1633 64.15064778 0.0
1634 66.2580628368 0.0
1635 67.0180693642 0.0
1636 69.4181342373 0.0
1637 69.4532438058 0.0
1638 71.5266004787 0.0
1639 75.0753999758 0.0
1640 75.6939170445 0.0
1641 76.3162183781 0.0
1642 76.9439858721 0.0
1643 80.8993836053 0.0
1644 82.8775029458 0.0
1645 82.856689489 0.0
1646 84.9308871098 0.0
1647 87.9473666822 0.0
1648 89.5436957451 0.0
1649 92.9871665367 0.0
1650 93.907583847 0.0
1651 95.5097995441 0.0
1652 97.9184841316 0.0
1653 99.5089265602 0.0
1654 100.180423337 0.0
1655 98.5859864067 0.0
1656 99.7944283207 0.0
1657 102.343971656 0.0
1658 105.539993573 0.0
1659 106.384305112 0.0
1660 106.327751376 0.0
1661 106.423409182 0.0
1662 105.617991476 0.0
1663 106.878992625 0.0
1664 109.587475084 0.0
1665 109.313326119 0.0
1666 109.349276635 0.0
1667 109.37702791 0.0
1668 108.687030283 0.0
1669 108.195286087 0.0
1670 109.073235536 0.0
1671 108.970429674 0.0
1672 110.904819732 0.0
1673 112.581879778 0.0
1674 112.828277469 0.0
1675 110.735158524 0.0
1676 108.738328096 0.0
1677 104.917692239 0.0
1678 107.075143687 0.0
1679 107.396385727 0.0
1680 108.142516616 0.0
1681 107.248378923 0.0
1682 106.27393072 0.0
1683 106.488162159 0.0
1684 105.256383945 0.0
1685 105.95268868 0.0
1686 105.766418754 0.0
1687 104.425107096 0.0
1688 106.564688404 0.0
1689 108.271391859 0.0
1690 107.228826888 0.0
1691 104.873332245 0.0
1692 107.600315556 0.0
1693 107.232190679 0.0
1694 105.441812923 0.0
1695 105.697040565 0.0
1696 105.144537894 0.0
1697 105.372644971 0.0
1698 103.931260531 0.0
1699 103.666992701 0.0
1700 103.129206616 0.0
1701 103.38422402 0.0
1702 103.45360221 0.0
1703 103.94366451 0.0
1704 103.367194829 0.0
1705 102.939152425 0.0
1706 101.993716919 0.0
1707 101.381717195 0.0
1708 102.098414914 0.0
1709 101.87283068 0.0
1710 101.751313731 0.0
1711 101.954402612 0.0
1712 101.176525945 0.0
1713 100.089390743 0.0
1714 99.262739107 0.0
1715 99.0146595213 0.0
1716 98.7308396563 0.0
1717 98.8502542365 0.0
1718 99.5265864629 0.0
1719 102.499546989 0.0
1720 102.263661146 0.0
1721 99.5574912927 0.0
1722 98.6311873481 0.0
1723 98.8542487383 0.0
1724 97.7889781784 0.0
1725 98.5008404472 0.0
1726 98.6761780527 0.0
1727 98.8571920554 0.0
1728 97.5528820981 0.0
1729 97.1441814925 0.0
1730 96.3873285192 0.0
1731 95.8032903082 0.0
1732 95.3159610881 0.0
1733 95.8302006361 0.0
1734 94.8719406771 0.0
1735 97.8526799703 0.0
1736 98.4798167535 0.0
1737 95.8480707758 0.0
1738 95.6792505153 0.0
1739 95.493190826 0.0
1740 95.4189771873 0.0
1741 94.5380844211 0.0
1742 93.6548790487 0.0
1743 94.7336047726 0.0
1744 93.7757652875 0.0
1745 92.9575231286 0.0
1746 93.7282517397 0.0
1747 92.8452566042 0.0
1748 92.946170334 0.0
1749 91.9839158732 0.0
1750 92.1962551796 0.0
1751 92.5549193941 0.0
1752 91.8089987416 0.0
1753 91.7362567614 0.0
1754 91.4412943387 0.0
1755 92.4674608283 0.0
1756 91.0685442494 0.0
1757 90.7113516933 0.0
1758 90.3678245382 0.0
1759 90.9098153619 0.0
1760 93.583818964 0.0
1761 92.7611618294 0.0
1762 90.1767191625 0.0
1763 89.824572293 0.0
1764 89.5733391532 0.0
1765 88.8820801043 0.0
1766 89.3847566207 0.0
1767 88.9413669205 0.0
1768 88.345555441 0.0
1769 88.5755546501 0.0
1770 88.7780128204 0.0
1771 88.3604822635 0.0
1772 88.31885535 0.0
1773 87.4787485496 0.0
1774 85.39761311 0.0
1775 84.5200841348 0.0
1776 86.0531318796 0.0
1777 87.2699832711 0.0
1778 86.2066048436 0.0
1779 86.7393452421 0.0
1780 87.0078178107 0.0
1781 85.9768158715 0.0
1782 85.9757646868 0.0
1783 85.1987289675 0.0
1784 84.6882736844 0.0
1785 84.0649211661 0.0
1786 84.7517652394 0.0
1787 84.392680551 0.0
1788 84.4879178834 0.0
1789 85.9480134111 0.0
1790 85.7928585516 0.0
1791 85.1142137188 0.0
1792 82.6849259115 0.0
1793 81.9659155869 0.0
1794 82.0977341464 0.0
1795 83.3261485694 0.0
1796 82.2907316546 0.0
1797 82.2770662537 0.0
1798 81.73507543 0.0
1799 81.0309919279 0.0
1800 82.2768560167 0.0
1801 81.8080276471 0.0
1802 80.299367387 0.0
1803 82.4578700195 0.0
1804 83.2626570144 0.0
1805 80.9769610351 0.0
1806 81.0448675657 0.0
1807 80.6178763466 0.0
1808 79.8812061193 0.0
1809 78.9628911783 0.0
1810 78.6967312161 0.0
1811 79.2031919974 0.0
1812 79.8660690598 0.0
1813 79.2942245911 0.0
1814 78.696941453 0.0
1815 76.7249189837 0.0
1816 77.4958578318 0.0
1817 79.0696915424 0.0
1818 77.6508024544 0.0
1819 75.7473172265 0.0
1820 76.6610069548 0.0
1821 77.0884186478 0.0
1822 77.9163317058 0.0
1823 79.1256145676 0.0
1824 79.1899470703 0.0
1825 77.9869713167 0.0
1826 76.6784566206 0.0
1827 76.0588883672 0.0
1828 73.9569394708 0.0
1829 73.5341529904 0.0
1830 74.0465004059 0.0
1831 74.6366354882 0.0
1832 74.4556214854 0.0
1833 75.9274902815 0.0
1834 75.9445194734 0.0
1835 73.4422794489 0.0
1836 74.7270373711 0.0
1837 74.4240859448 0.0
1838 74.6648072377 0.0
1839 73.6554597031 0.0
1840 72.8492010496 0.0
1841 73.131549256 0.0
1842 72.210080761 0.0
1843 71.1954773029 0.0
1844 73.1399587335 0.0
1845 72.5990190945 0.0
1846 71.2602302795 0.0
1847 71.6275142085 0.0
1848 71.2684295201 0.0
1849 70.9061912776 0.0
1850 72.0082533015 0.0
1851 71.0094176136 0.0
1852 68.861637065 0.0
1853 70.2710654908 0.0
1854 69.1441955083 0.0
1855 69.9912401276 0.0
1856 69.7006926806 0.0
1857 68.8372495803 0.0
1858 68.2717122197 0.0
1859 67.1063688777 0.0
1860 66.6621382298 0.0
1861 67.195719576 0.0
1862 68.0726178403 0.0
1863 68.7552571748 0.0
1864 66.8469364974 0.0
1865 66.8938193344 0.0
1866 66.661297282 0.0
1867 66.5313708549 0.0
1868 66.5290582486 0.0
1869 65.9988406935 0.0
1870 65.706611351 0.0
1871 65.4713562184 0.0
1872 65.0725367489 0.0
1873 64.7731593506 0.0
1874 64.8742833173 0.0
1875 64.7258560397 0.0
1876 63.6046624546 0.0
1877 63.7713803456 0.0
1878 63.9978055268 0.0
1879 65.3677094085 0.0
1880 64.4073470801 0.0
1881 62.4864121865 0.0
1882 62.7174625803 0.0
1883 63.6675232987 0.0
1884 63.8331900051 0.0
1885 62.7389067479 0.0
1886 62.7639249434 0.0
1887 62.5068051694 0.0
1888 61.653663679 0.0
1889 60.6308609803 0.0
1890 60.7183195461 0.0
1891 61.3605933887 0.0
1892 60.2276265351 0.0
1893 60.5907057253 0.0
1894 60.1923067297 0.0
1895 59.8885143557 0.0
1896 58.8551998102 0.0
1897 58.2806222613 0.0
1898 57.6991068935 0.0
1899 58.341590973 0.0
1900 58.63213842 0.0
1901 58.9277315535 0.0
1902 58.5244971082 0.0
1903 58.9987916382 0.0
1904 58.3754391199 0.0
1905 57.9520219287 0.0
1906 57.7783662187 0.0
1907 57.2851503645 0.0
1908 56.9178664355 0.0
1909 58.421901483 0.0
1910 57.8418577737 0.0
1911 56.7166696867 0.0
1912 56.5814873362 0.0
1913 56.3773472704 0.0
1914 55.5582641637 0.0
1915 55.7153111557 0.0
1916 55.3543343348 0.0
1917 55.9907215432 0.0
1918 55.4333834231 0.0
1919 55.7420112467 0.0
1920 54.4429572128 0.0
1921 53.8189739837 0.0
1922 54.1170899604 0.0
1923 53.9400704594 0.0
1924 54.3676923893 0.0
1925 54.4963573948 0.0
1926 54.786063894 0.0
1927 53.2584823096 0.0
1928 52.6801204958 0.0
1929 51.848212936 0.0
1930 51.7157636656 0.0
1931 52.8794251121 0.0
1932 52.5848831633 0.0
1933 51.6859100206 0.0
1934 51.380645988 0.0
1935 51.0354369374 0.0
1936 51.4489729926 0.0
1937 51.4826109025 0.0
1938 50.2153026461 0.0
1939 51.2099335952 0.0
1940 52.1423344109 0.0
1941 51.0364881221 0.0
1942 50.0878990622 0.0
1943 51.2591290384 0.0
1944 50.9509216887 0.0
1945 50.6406119697 0.0
1946 49.3562745214 0.0
1947 48.886815441 0.0
1948 48.068783519 0.0
1949 48.0618457001 0.0
1950 47.8547623171 0.0
1951 48.2615707903 0.0
1952 48.5613686625 0.0
1953 47.6527246206 0.0
1954 47.4008607701 0.0
1955 47.5286848278 0.0
1956 46.8853598005 0.0
1957 46.5527649661 0.0
1958 45.9302533956 0.0
1959 46.3931951309 0.0
1960 45.7866615676 0.0
1961 44.6484387905 0.0
1962 44.5193533112 0.0
1963 44.6242615428 0.0
1964 44.4825618472 0.0
1965 44.5441612697 0.0
1966 43.9880845713 0.0
1967 44.1604788597 0.0
1968 45.0918284907 0.0
1969 43.8381856352 0.0
1970 43.7179301072 0.0
1971 42.9772653781 0.0
1972 42.6530800212 0.0
1973 43.4994939297 0.0
1974 43.0357112466 0.0
1975 42.3040867057 0.0
1976 42.0669394407 0.0
1977 41.7793353109 0.0
1978 42.520210277 0.0
1979 42.0036581227 0.0
1980 40.8801519312 0.0
1981 40.9127386565 0.0
1982 40.0984909994 0.0
1983 39.9141132056 0.0
1984 41.4877366792 0.0
1985 40.6676023879 0.0
1986 40.253225385 0.0
1987 39.912851784 0.0
1988 39.8480988074 0.0
1989 40.1266627489 0.0
1990 38.9964289754 0.0
1991 38.7027279744 0.0
1992 38.7569691042 0.0
1993 38.6335600221 0.0
1994 39.001264425 0.0
1995 38.0276571696 0.0
1996 37.5384358172 0.0
1997 37.2516726351 0.0
1998 37.2474678963 0.0
1999 37.3275681693 0.0
2000 37.2735372765 0.0
2001 37.5432712667 0.0
2002 37.8924748191 0.0
2003 37.8512683795 0.0
2004 37.8565243029 0.0
2005 37.2335922585 0.0
2006 36.3888602455 0.0
2007 35.8847120705 0.0
2008 35.1497237386 0.0
2009 34.6687016267 0.0
2010 34.6872024772 0.0
2011 34.8959677557 0.0
2012 35.4705453046 0.0
2013 35.0240020503 0.0
2014 34.3632273572 0.0
2015 33.8616020255 0.0
2016 33.2357266639 0.0
2017 33.1350231711 0.0
2018 33.1400688576 0.0
2019 33.0711111423 0.0
2020 33.0027841377 0.0
2021 33.4945283334 0.0
2022 33.5002047307 0.0
2023 32.5635991763 0.0
2024 31.9843964148 0.0
2025 31.2302765216 0.0
2026 31.0467396756 0.0
2027 30.8947383701 0.0
2028 30.7090991547 0.0
2029 30.6231122475 0.0
2030 30.4776282871 0.0
2031 29.9717982166 0.0
2032 30.0798600022 0.0
2033 30.698377071 0.0
2034 30.7418961169 0.0
2035 29.9146137697 0.0
2036 29.3192227641 0.0
2037 29.5223116452 0.0
2038 28.8604857675 0.0
2039 28.9185111621 0.0
2040 28.6361629556 0.0
2041 28.8232738296 0.0
2042 28.9662349468 0.0
2043 28.8850834891 0.0
2044 28.6422598268 0.0
2045 28.2173709771 0.0
2046 27.3125112001 0.0
2047 26.8541946774 0.0
2048 26.2968565573 0.0
2049 26.7534911846 0.0
2050 26.3866277294 0.0
2051 26.5335833484 0.0
2052 26.117734687 0.0
2053 25.5948754246 0.0
2054 25.7472972039 0.0
2055 25.7618035526 0.0
2056 24.8764958108 0.0
2057 24.3946327511 0.0
2058 24.0065353654 0.0
2059 24.3685633709 0.0
2060 23.9867730933 0.0
2061 23.476948521 0.0
2062 23.4779997057 0.0
2063 23.5854307805 0.0
2064 23.8215268608 0.0
2065 23.4515098516 0.0
2066 23.1493993731 0.0
2067 22.6904521396 0.0
2068 22.2205725853 0.0
2069 21.9973009582 0.0
2070 21.8446689419 0.0
2071 21.5202733481 0.0
2072 21.4092682453 0.0
2073 21.507028421 0.0
2074 20.8454127802 0.0
2075 20.9677706776 0.0
2076 21.0787757803 0.0
2077 21.1782178515 0.0
2078 20.9154216802 0.0
2079 19.9325639996 0.0
2080 19.8495204095 0.0
2081 19.9817594429 0.0
2082 19.4942199859 0.0
2083 19.4645765778 0.0
2084 19.1412321687 0.0
2085 18.9608488767 0.0
2086 18.7379977234 0.0
2087 18.5927239999 0.0
2088 18.389004408 0.0
2089 17.6958532266 0.0
2090 17.7269682933 0.0
2091 17.8453316888 0.0
2092 17.4078286229 0.0
2093 17.2364855192 0.0
2094 16.7220357343 0.0
2095 16.6118715793 0.0
2096 15.9700182105 0.0
2097 15.6464635644 0.0
2098 15.6784195789 0.0
2099 15.6708510491 0.0
2100 15.6973409032 0.0
2101 15.4393801815 0.0
2102 14.7905889938 0.0
2103 14.853239601 0.0
2104 14.8639616848 0.0
2105 14.6755893892 0.0
2106 14.5483960423 0.0
2107 14.0368895745 0.0
2108 13.7162782456 0.0
2109 13.8272833483 0.0
2110 13.5869825293 0.0
2111 13.2421939526 0.0
2112 13.1486385156 0.0
2113 12.967204039 0.0
2114 12.5185584153 0.0
2115 12.4559078081 0.0
2116 12.3634035558 0.0
2117 12.2721607251 0.0
2118 12.0501505196 0.0
2119 11.7930307456 0.0
2120 11.3933703284 0.0
2121 10.9098253732 0.0
2122 10.8576866128 0.0
2123 10.9670098201 0.0
2124 10.8639937209 0.0
2125 10.2479994954 0.0
2126 9.83362249255 0.0
2127 9.50943713565 0.0
2128 9.34692398333 0.0
2129 9.61497607804 0.0
2130 9.48547012483 0.0
2131 9.19071793912 0.0
2132 8.8198599822 0.0
2133 8.52363613793 0.0
2134 8.35208279731 0.0
2135 8.11514576928 0.0
2136 7.95872948813 0.0
2137 7.90680096469 0.0
2138 7.67364820152 0.0
2139 7.34651952751 0.0
2140 7.24707745629 0.0
2141 6.89345892821 0.0
2142 6.60038863799 0.0
2143 6.82260908043 0.0
2144 6.73241743445 0.0
2145 6.40108402169 0.0
2146 5.8344954764 0.0
2147 5.51115106725 0.0
2148 5.69700051958 0.0
2149 5.60155295017 0.0
2150 5.37134350413 0.0
2151 4.94161920484 0.0
2152 4.67756161194 0.0
2153 4.47279083527 0.0
2154 4.38848582352 0.0
2155 4.15407163874 0.0
2156 3.86163205933 0.0
2157 3.36442170326 0.0
2158 3.06420335718 0.0
2159 3.01816146797 0.0
2160 2.97422194814 0.0
2161 2.73707468317 0.0
2162 2.24238717034 0.0
2163 2.12570567029 0.0
2164 1.9173608657 0.0
2165 2.02920691619 0.0
2166 1.83515822332 0.0
2167 1.52821229526 0.0
2168 1.24271053477 0.0
2169 1.085032832 0.0
2170 0.877318738218 0.0
2171 0.682429097593 0.0
2172 0.453481073169 0.0
2173 0.407228947023 0.0
2174 0.313253036172 0.0
2175 0.0925042522923 0.0
2176 0.0483544955164 0.0
2177 -0.0727419802117 0.0
2178 -0.0706396108414 0.0
2179 -0.245136268575 0.0
2180 -0.195310114499 0.0
2181 -0.239880345149 0.0
2182 -0.248500059567 0.0
2183 -0.290126973099 0.0
2184 -0.256489063174 0.0
2185 -0.225163759557 0.0
2186 -0.273308018136 0.0
2187 -0.36854535061 0.0
2188 -0.323764883023 0.0
2189 -0.251022902811 0.0
2190 -0.287604129854 0.0
2191 -0.250812665874 0.0
2192 -0.289916736162 0.0
2193 -0.290337210036 0.0
2194 -0.264267829844 0.0
2195 -0.282348206429 0.0
2196 -0.380949329895 0.0
2197 -0.409331316394 0.0
2198 -0.3452090506 0.0
2199 -0.346049998348 0.0
2200 -0.453060599295 0.0
2201 -0.379477671336 0.0
2202 -0.330912938882 0.0
2203 -0.37422174791 0.0
2204 -0.375693406469 0.0
2205 -0.37064771998 0.0
2206 -0.26952375327 0.0
2207 -0.321662513653 0.0
2208 -0.389358807376 0.0
2209 -0.43855425064 0.0
2210 -0.417530556938 0.0
2211 -0.374011510973 0.0
2212 -0.340794074922 0.0
2213 -0.234203947849 0.0
2214 -0.259222143356 0.0
2215 -0.130346900957 0.0
2216 0.150319409975 0.0
2217 0.766734109341 0.0
2218 1.73256259805 0.0
2219 2.89307049044 0.0
2220 3.75525216919 0.0
2221 4.84638187237 0.0
2222 6.69962047227 0.0
2223 9.01601104445 0.0
2224 11.8600963286 0.0
2225 15.5070764752 0.0
2226 18.2161896457 0.0
2227 21.9092116816 0.0
2228 24.9387259441 0.0
2229 27.0278503874 0.0
2230 31.0225624279 0.0
2231 34.4700277212 0.0
2232 37.2356946278 0.0
2233 40.122878484 0.0
2234 42.6616997356 0.0
2235 45.4610045521 0.0
2236 48.7224101562 0.0
2237 51.4115508178 0.0
2238 55.4735386781 0.0
2239 56.7938266426 0.0
2240 59.1688733202 0.0
2241 62.0350334827 0.0
2242 65.0063121137 0.0
2243 66.9079052092 0.0
2244 68.057060307 0.0
2245 69.6439287076 0.0
2246 72.0061509321 0.0
2247 73.4672976444 0.0
2248 76.249783506 0.0
2249 78.4419240484 0.0
2250 79.9999899887 0.0
2251 81.3530749154 0.0
2252 82.953608717 0.0
2253 85.9099605255 0.0
2254 86.9640885278 0.0
2255 89.6692071965 0.0
2256 90.9493399061 0.0
2257 92.6297637437 0.0
2258 93.9796951164 0.0
2259 95.3893337792 0.0
2260 95.7181443487 0.0
2261 97.7730001712 0.0
2262 98.3442139291 0.0
2263 101.32306109 0.0
2264 102.226028734 0.0
2265 103.233484137 0.0
2266 104.595188778 0.0
2267 106.110156146 0.0
2268 106.554597031 0.0
2269 106.487951922 0.0
2270 108.688922416 0.0
2271 109.02151725 0.0
2272 110.086367336 0.0
2273 108.847230829 0.0
2274 109.870664239 0.0
2275 110.87265348 0.0
2276 110.184127512 0.0
2277 109.896943856 0.0
2278 110.907763049 0.0
2279 112.771723733 0.0
2280 112.622665744 0.0
2281 109.898835988 0.0
2282 107.871100731 0.0
2283 109.164898841 0.0
2284 110.117902877 0.0
2285 109.052211843 0.0
2286 109.930792003 0.0
2287 108.901471959 0.0
2288 108.070825821 0.0
2289 109.597566457 0.0
2290 108.838400878 0.0
2291 109.471214058 0.0
2292 108.852696989 0.0
2293 109.018573933 0.0
2294 110.815469034 0.0
2295 110.235425324 0.0
2296 110.332765026 0.0
2297 109.930161292 0.0
2298 107.02552777 0.0
2299 105.368860706 0.0
2300 106.947319629 0.0
2301 107.019851372 0.0
2302 106.676324217 0.0
2303 105.735934398 0.0
2304 105.752753353 0.0
2305 107.992407443 0.0
2306 105.420158519 0.0
2307 104.900242573 0.0
2308 104.722592362 0.0
2309 104.568068213 0.0
2310 107.215371724 0.0
2311 108.597259111 0.0
2312 108.632578916 0.0
2313 106.950893657 0.0
2314 104.208352814 0.0
2315 106.886561154 0.0
2316 107.636896783 0.0
2317 107.77712482 0.0
2318 107.580553284 0.0
2319 105.512452534 0.0
2320 104.451807187 0.0
2321 104.1667259 0.0
2322 105.093660555 0.0
2323 105.914005084 0.0
2324 106.191517841 0.0
2325 106.075256814 0.0
2326 103.502377179 0.0
2327 102.447408229 0.0
2328 102.083488091 0.0
2329 102.507325756 0.0
2330 102.962488725 0.0
2331 102.468431923 0.0
2332 101.467704103 0.0
2333 102.022729616 0.0
2334 101.106937519 0.0
2335 101.748790887 0.0
2336 99.5894473071 0.0
2337 98.588088776 0.0
2338 97.0247669123 0.0
2339 98.0629169073 0.0
2340 97.1139073736 0.0
2341 96.5660299157 0.0
2342 95.9494049794 0.0
2343 97.0575638745 0.0
2344 94.4560920157 0.0
2345 94.5006622463 0.0
2346 95.6296345982 0.0
2347 96.4764689805 0.0
2348 96.5193573157 0.0
2349 96.2832612354 0.0
2350 97.162682343 0.0
2351 96.9711564934 0.0
2352 96.2397421894 0.0
2353 96.9425642699 0.0
2354 97.8526799703 0.0
2355 95.8585826226 0.0
2356 95.0420223592 0.0
2357 96.3976301291 0.0
2358 95.4204488458 0.0
2359 94.7449575672 0.0
2360 94.084603348 0.0
2361 94.2733961174 0.0
2362 94.7411733023 0.0
2363 94.8809808654 0.0
2364 94.4920425319 0.0
2365 92.8545070294 0.0
2366 92.9390222781 0.0
2367 91.9450220398 0.0
2368 90.702521742 0.0
2369 92.7254215501 0.0
2370 92.0940800282 0.0
2371 92.5673233734 0.0
2372 92.8532456078 0.0
2373 91.6633045442 0.0
2374 93.1221386502 0.0
2375 93.1358040512 0.0
2376 90.7817810672 0.0
2377 90.7239659096 0.0
2378 89.9763633615 0.0
2379 91.9855977687 0.0
2380 90.5679701023 0.0
2381 89.453714336 0.0
2382 91.5701695811 0.0
2383 91.2596496251 0.0
2384 91.7415126848 0.0
2385 91.6153705226 0.0
2386 91.5626010514 0.0
2387 89.0784414034 0.0
2388 89.323577672 0.0
2389 88.3476578103 0.0
2390 89.1663204431 0.0
2391 87.6057316596 0.0
2392 89.630733837 0.0
2393 90.8696601069 0.0
2394 89.2493640333 0.0
2395 88.0722474228 0.0
2396 86.4328197879 0.0
2397 86.4630939068 0.0
2398 86.3510376194 0.0
2399 85.0944514468 0.0
2400 85.0048905116 0.0
2401 84.9353020854 0.0
2402 84.7467195529 0.0
2403 84.3186771491 0.0
2404 83.6572717452 0.0
2405 86.1237714905 0.0
2406 85.6683982849 0.0
2407 83.9978555832 0.0
2408 84.1284127211 0.0
2409 84.3596733519 0.0
2410 85.5592853145 0.0
2411 86.2177474013 0.0
2412 86.0396767156 0.0
2413 83.5054806767 0.0
2414 82.9557110864 0.0
2415 83.3669345352 0.0
2416 81.9247091472 0.0
2417 81.0156446315 0.0
2418 81.7567298345 0.0
2419 80.9424821774 0.0
2420 81.0053430216 0.0
2421 80.0760957599 0.0
2422 79.6806400814 0.0
2423 79.2929631695 0.0
2424 80.069157941 0.0
2425 80.519695697 0.0
2426 80.119194332 0.0
2427 79.0966018703 0.0
2428 81.4201404983 0.0
2429 82.7255016403 0.0
2430 81.0661014964 0.0
2431 80.55312337 0.0
2432 78.3014857745 0.0
2433 77.7782060382 0.0
2434 78.5031029971 0.0
2435 78.7173344359 0.0
2436 76.9387299486 0.0
2437 77.6468079526 0.0
2438 77.2973941632 0.0
2439 76.169683233 0.0
2440 75.5206818084 0.0
2441 76.3170593258 0.0
2442 76.4804134259 0.0
2443 77.1315172199 0.0
2444 76.3012915556 0.0
2445 77.6192669138 0.0
2446 78.6019143575 0.0
2447 78.3969333439 0.0
2448 78.1297221969 0.0
2449 77.8017525751 0.0
2450 77.1271022442 0.0
2451 75.7870520076 0.0
2452 73.7916932383 0.0
2453 74.0216924474 0.0
2454 74.0338861897 0.0
2455 73.371850075 0.0
2456 73.5333120427 0.0
2457 75.1590742767 0.0
2458 75.999391314 0.0
2459 75.4298594516 0.0
2460 74.9200348793 0.0
2461 74.830894418 0.0
2462 74.2569475799 0.0
2463 72.9967873794 0.0
2464 72.0925583132 0.0
2465 71.7580713464 0.0
2466 72.2182800016 0.0
2467 71.0834210155 0.0
2468 71.5112531823 0.0
2469 72.9068059703 0.0
2470 72.0835181249 0.0
2471 70.146815461 0.0
2472 69.7559849951 0.0
2473 69.5835907067 0.0
2474 69.1864531327 0.0
2475 68.3482384647 0.0
2476 67.5199049328 0.0
2477 68.2000214241 0.0
2478 68.7962533775 0.0
2479 69.3762970868 0.0
2480 68.7741784992 0.0
2481 67.970022215 0.0
2482 68.6949191739 0.0
2483 67.9815852466 0.0
2484 66.5448260189 0.0
2485 67.9977734907 0.0
2486 67.7501143789 0.0
2487 67.8642730357 0.0
2488 65.8350661195 0.0
2489 65.3899945238 0.0
2490 66.1558876854 0.0
2491 66.3198724963 0.0
2492 65.4946925185 0.0
2493 64.9993742948 0.0
2494 64.7903987794 0.0
2495 64.8631407596 0.0
2496 65.1126920039 0.0
2497 65.2939162436 0.0
2498 66.4678793 0.0
2499 66.3293331585 0.0
2500 64.8200421875 0.0
2501 63.873765734 0.0
2502 62.9033120327 0.0
2503 62.5217319919 0.0
2504 63.3715096914 0.0
2505 63.2384297103 0.0
2506 63.2161445949 0.0
2507 62.9676445354 0.0
2508 62.9617579011 0.0
2509 61.6570274699 0.0
2510 61.1383729463 0.0
2511 60.7647819092 0.0
2512 60.6903580335 0.0
2513 61.2064897139 0.0
2514 60.8820941201 0.0
2515 60.725467602 0.0
2516 60.2961637766 0.0
2517 60.0802504422 0.0
2518 60.8434105237 0.0
2519 60.0735228603 0.0
2520 59.0111956175 0.0
2521 59.0856194932 0.0
2522 58.7477687354 0.0
2523 59.6509466168 0.0
2524 60.2324619846 0.0
2525 58.9542214075 0.0
2526 58.2625418847 0.0
2527 58.4490220478 0.0
2528 58.0369576513 0.0
2529 58.2837758153 0.0
2530 58.7229607768 0.0
2531 57.3393914942 0.0
2532 56.4765791046 0.0
2533 56.7898321408 0.0
2534 57.5910451078 0.0
2535 57.0755441382 0.0
2536 55.9924034387 0.0
2537 57.1539625157 0.0
2538 56.2760130667 0.0
2539 54.7848024724 0.0
2540 55.0982657455 0.0
2541 54.469026593 0.0
2542 54.3508734344 0.0
2543 55.303456996 0.0
2544 55.453776406 0.0
2545 54.332162347 0.0
2546 54.0693661757 0.0
2547 54.0668433324 0.0
2548 54.335315901 0.0
2549 53.8421000467 0.0
2550 52.943126904 0.0
2551 52.7881822814 0.0
2552 52.8726975301 0.0
2553 53.0656950383 0.0
2554 52.2182299451 0.0
2555 52.2117126001 0.0
2556 52.5298010858 0.0
2557 52.1896377217 0.0
2558 52.4192164569 0.0
2559 52.0298576496 0.0
2560 52.8785841643 0.0
2561 53.3509865618 0.0
2562 51.9230572856 0.0
2563 50.4947075354 0.0
2564 51.2240194699 0.0
2565 50.7202917688 0.0
2566 51.317154433 0.0
2567 51.6051790368 0.0
2568 51.5570347782 0.0
2569 51.287300788 0.0
2570 50.4286931372 0.0
2571 49.4035778322 0.0
2572 48.8828209392 0.0
2573 48.7739182058 0.0
2574 48.8805083329 0.0
2575 49.6520778918 0.0
2576 48.7751796274 0.0
2577 47.9047987081 0.0
2578 47.5305769602 0.0
2579 48.4507840336 0.0
2580 49.1868235501 0.0
2581 49.0116961816 0.0
2582 48.8302617049 0.0
2583 48.5937451508 0.0
2584 48.3061410209 0.0
2585 48.2449620722 0.0
2586 47.8947073352 0.0
2587 47.6558781747 0.0
2588 47.618035526 0.0
2589 46.5956533013 0.0
2590 45.8163049757 0.0
2591 45.4549076809 0.0
2592 45.0556677375 0.0
2593 44.1943270065 0.0
2594 44.0831116668 0.0
2595 44.0936235137 0.0
2596 44.1016125173 0.0
2597 44.0862652209 0.0
2598 43.5190459648 0.0
2599 44.2744272795 0.0
2600 44.697003523 0.0
2601 44.2948202624 0.0
2602 43.6193289838 0.0
2603 42.9930331484 0.0
2604 41.8295819388 0.0
2605 41.5447108892 0.0
2606 40.8181320348 0.0
2607 42.3591687832 0.0
2608 42.5382906536 0.0
2609 41.7927904749 0.0
2610 41.4772248324 0.0
2611 41.1282315169 0.0
2612 41.1702789043 0.0
2613 41.5941165694 0.0
2614 41.2201050584 0.0
2615 40.3413146616 0.0
2616 39.9107494146 0.0
2617 39.5802569496 0.0
2618 39.7862891479 0.0
2619 38.9829738115 0.0
2620 37.9948602074 0.0
2621 37.275219172 0.0
2622 39.1292987197 0.0
2623 39.5562899388 0.0
2624 38.84442767 0.0
2625 38.0512037066 0.0
2626 38.433834932 0.0
2627 38.931045288 0.0
2628 38.6430206843 0.0
2629 37.5771194136 0.0
2630 36.7052668357 0.0
2631 36.3432388302 0.0
2632 35.7545754065 0.0
2633 35.9011105516 0.0
2634 36.3779279248 0.0
2635 36.1403601859 0.0
2636 35.799566111 0.0
2637 35.2273011684 0.0
2638 35.5464408388 0.0
2639 34.7328238925 0.0
2640 34.8455108908 0.0
2641 35.0113878341 0.0
2642 34.6592409646 0.0
2643 34.6150912078 0.0
2644 34.1597180022 0.0
2645 33.3826822829 0.0
2646 32.9477020602 0.0
2647 32.7151800079 0.0
2648 33.2527558558 0.0
2649 32.9973179774 0.0
2650 32.3478960789 0.0
2651 32.1860136374 0.0
2652 31.7653295264 0.0
2653 31.1436589036 0.0
2654 31.6520118173 0.0
2655 31.2622325361 0.0
2656 31.5079995154 0.0
2657 30.9939702044 0.0
2658 30.4065682024 0.0
2659 30.8983123981 0.0
2660 31.2168213577 0.0
2661 31.2267024937 0.0
2662 31.0261364558 0.0
2663 30.7858356368 0.0
2664 30.6350957529 0.0
2665 30.4116138888 0.0
2666 30.0409661689 0.0
2667 29.833462312 0.0
2668 29.8479686607 0.0
2669 29.6410955146 0.0
2670 29.0400281117 0.0
2671 28.0355160266 0.0
2672 27.1157294271 0.0
2673 27.4226753551 0.0
2674 27.4472730768 0.0
2675 27.4020721353 0.0
2676 27.3760027551 0.0
2677 26.6189395449 0.0
2678 26.017661905 0.0
2679 25.8963551923 0.0
2680 25.8234029751 0.0
2681 26.0277532779 0.0
2682 25.6180014877 0.0
2683 25.4880750606 0.0
2684 25.980870441 0.0
2685 25.5913013967 0.0
2686 25.2099315929 0.0
2687 24.9486070802 0.0
2688 25.0938808037 0.0
2689 24.7791561089 0.0
2690 24.7265968747 0.0
2691 24.1518090888 0.0
2692 24.1436098483 0.0
2693 23.7117831796 0.0
2694 23.533712494 0.0
2695 23.0289336082 0.0
2696 22.6938159306 0.0
2697 22.1844118321 0.0
2698 22.1699054835 0.0
2699 21.9068990753 0.0
2700 21.3918185795 0.0
2701 21.1346988056 0.0
2702 21.1645524506 0.0
2703 20.7314643603 0.0
2704 21.4153651165 0.0
2705 21.6447336148 0.0
2706 20.8754766622 0.0
2707 20.5773606855 0.0
2708 20.7939047306 0.0
2709 20.6988776351 0.0
2710 20.5418306431 0.0
2711 19.5970258481 0.0
2712 19.1324022173 0.0
2713 19.3794306183 0.0
2714 19.2188095984 0.0
2715 19.0907753038 0.0
2716 19.1506928308 0.0
2717 19.0192947452 0.0
2718 18.9452913433 0.0
2719 18.8908399767 0.0
2720 18.2599189286 0.0
2721 17.7336958752 0.0
2722 17.3056534715 0.0
2723 17.1080307507 0.0
2724 16.8937993118 0.0
2725 16.4110953044 0.0
2726 16.1762606457 0.0
2727 15.854808369 0.0
2728 16.0166908105 0.0
2729 15.8659509267 0.0
2730 15.7690316987 0.0
2731 15.3897642643 0.0
2732 15.3338412391 0.0
2733 15.1488327345 0.0
2734 14.8172890848 0.0
2735 14.3770529387 0.0
2736 14.125609562 0.0
2737 14.1375930674 0.0
2738 14.0917614151 0.0
2739 13.8914056141 0.0
2740 14.0377305223 0.0
2741 13.8089927348 0.0
2742 13.4976318311 0.0
2743 13.3119926157 0.0
2744 13.0960792813 0.0
2745 13.0531909462 0.0
2746 12.8318114515 0.0
2747 12.6577352676 0.0
2748 12.5158253352 0.0
2749 12.0476276764 0.0
2750 11.6439727573 0.0
2751 11.2991841806 0.0
2752 11.0317627967 0.0
2753 11.0136824201 0.0
2754 10.7115719416 0.0
2755 10.4779987045 0.0
2756 10.3907503757 0.0
2757 10.506380691 0.0
2758 10.2009064215 0.0
2759 9.76487501414 0.0
2760 9.58344053748 0.0
2761 9.46234406176 0.0
2762 9.23108343103 0.0
2763 8.9186713426 0.0
2764 9.04964895437 0.0
2765 8.80072842093 0.0
2766 8.29111408557 0.0
2767 8.18914917111 0.0
2768 8.14773249452 0.0
2769 7.93539318812 0.0
2770 7.3425250257 0.0
2771 7.12156600489 0.0
2772 7.31267138064 0.0
2773 7.25065148422 0.0
2774 7.1999843824 0.0
2775 6.88084471199 0.0
2776 6.3806910388 0.0
2777 6.24004252793 0.0
2778 6.13534453329 0.0
2779 6.08825145939 0.0
2780 6.05461354947 0.0
2781 5.55088584835 0.0
2782 5.29776057617 0.0
2783 4.95717673818 0.0
2784 5.04736838417 0.0
2785 4.79361240118 0.0
2786 4.59031328307 0.0
2787 4.24825778652 0.0
2788 3.98987659092 0.0
2789 3.76786638542 0.0
2790 3.58958546282 0.0
2791 3.40878169697 0.0
2792 3.35706341046 0.0
2793 3.12832562298 0.0
2794 3.09594913467 0.0
2795 2.76608738048 0.0
2796 2.49530220559 0.0
2797 2.24133598566 0.0
2798 1.89780883055 0.0
2799 1.7754509332 0.0
2800 1.63501265927 0.0
2801 1.3734779096 0.0
2802 1.29379811047 0.0
2803 1.34404473842 0.0
2804 1.13023377346 0.0
2805 0.826651636394 0.0
2806 0.709129188595 0.0
2807 0.580884657008 0.0
2808 0.488590641653 0.0
2809 0.397137574046 0.0
2810 0.291808868595 0.0
2811 0.145273723486 0.0
2812 0.0130346900957 0.0
2813 -0.00441497567759 0.0
2814 -0.0567639729976 0.0
2815 -0.0931349631034 0.0
2816 -0.105749179325 0.0
2817 -0.0592868162419 0.0
2818 -0.0321662513653 0.0
2819 0.0193417982066 0.0
2820 0.0159780072141 0.0
2821 -0.100493255899 0.0
2822 -0.140228036998 0.0
2823 -0.167138364937 0.0
2824 -0.0920837784183 0.0
2825 0.0206032198287 0.0
2826 -0.0822026423779 0.0
2827 -0.101754677522 0.0
2828 -0.140438273935 0.0
2829 -0.200145564051 0.0
2830 -0.200776274862 0.0
2831 -0.174286420796 0.0
2832 -0.172394288363 0.0
2833 -0.136864246005 0.0
2834 -0.145273723486 0.0
2835 -0.18816205864 0.0
2836 -0.188372295577 0.0
2837 -0.142330406368 0.0
2838 -0.112686998247 0.0
2839 -0.0994420712142 0.0
2840 -0.139807563124 0.0
2841 -0.074844349582 0.0
2842 0.123619318972 0.0
2843 0.534422293925 0.0
2844 1.44180491414 0.0
2845 2.16333808202 0.0
2846 2.10615363515 0.0
2847 2.56005518219 0.0
2848 3.08606799863 0.0
2849 3.85027926473 0.0
2850 4.9901839373 0.0
2851 7.11799197696 0.0
2852 9.64840375103 0.0
2853 12.5322238162 0.0
2854 16.5105373756 0.0
2855 20.1869506934 0.0
2856 23.2393807821 0.0
2857 26.1425426456 0.0
2858 29.3858678731 0.0
2859 32.6134253303 0.0
2860 37.5026955379 0.0
2861 40.4554733184 0.0
2862 42.2948362805 0.0
2863 45.9416061902 0.0
2864 49.0257820564 0.0
2865 50.7821014283 0.0
2866 54.0420353739 0.0
2867 58.1464910955 0.0
2868 59.8849403277 0.0
2869 62.0428122494 0.0
2870 64.9156999939 0.0
2871 68.4077355179 0.0
2872 70.3425460494 0.0
2873 72.7604810621 0.0
2874 75.3135984254 0.0
2875 77.9936988986 0.0
2876 79.2263180604 0.0
2877 81.6566570525 0.0
2878 84.2574982005 0.0
2879 85.3294963424 0.0
2880 87.0494447242 0.0
2881 90.7498250528 0.0
2882 92.3013736481 0.0
2883 94.501923668 0.0
2884 93.7444399838 0.0
2885 94.3862933526 0.0
2886 96.0862692254 0.0
2887 97.352946771 0.0
2888 99.9371792009 0.0
2889 103.246518827 0.0
2890 105.530953384 0.0
2891 106.118565623 0.0
2892 105.718694969 0.0
2893 107.195399215 0.0
2894 109.614805886 0.0
2895 108.19717822 0.0
2896 109.238481769 0.0
2897 108.616600909 0.0
2898 109.69280379 0.0
2899 110.757443639 0.0
2900 108.219042861 0.0
2901 107.400380229 0.0
2902 108.865521443 0.0
2903 108.305870716 0.0
2904 106.045823643 0.0
2905 106.561745087 0.0
2906 107.889601581 0.0
2907 109.652648535 0.0
2908 108.426126244 0.0
2909 106.781022212 0.0
2910 106.406800464 0.0
2911 105.14348671 0.0
2912 107.581394231 0.0
2913 108.320166828 0.0
2914 107.249219871 0.0
2915 105.281191903 0.0
2916 105.00136654 0.0
2917 103.294873322 0.0
2918 102.551895987 0.0
2919 103.605813752 0.0
2920 102.925487024 0.0
2921 103.836233435 0.0
2922 104.892463807 0.0
2923 102.566612572 0.0
2924 103.224443948 0.0
2925 103.866717791 0.0
2926 103.475677088 0.0
2927 101.255575033 0.0
2928 101.809339125 0.0
2929 100.484215711 0.0
2930 101.057952312 0.0
2931 102.272491097 0.0
2932 100.529416653 0.0
2933 100.350715256 0.0
2934 103.131939696 0.0
2935 102.470113818 0.0
2936 100.31476474 0.0
2937 100.976380381 0.0
2938 101.090749274 0.0
2939 99.720004445 0.0
2940 100.159820117 0.0
2941 99.2339366466 0.0
2942 99.1347048123 0.0
2943 97.8312358027 0.0
2944 98.695099377 0.0
2945 99.9533674451 0.0
2946 98.1249368038 0.0
2947 96.8931585897 0.0
2948 99.1035897456 0.0
2949 97.997322983 0.0
2950 96.8370253275 0.0
2951 97.623521709 0.0
2952 97.2663291529 0.0
2953 97.8129451892 0.0
2954 99.7773991288 0.0
2955 100.428082449 0.0
2956 97.7008889018 0.0
2957 96.0332895173 0.0
2958 96.4724744787 0.0
2959 96.3627307976 0.0
2960 95.3321493323 0.0
2961 95.3424509422 0.0
2962 94.6225996698 0.0
2963 94.5355615779 0.0
2964 94.9884119402 0.0
2965 94.6167130356 0.0
2966 95.6529708982 0.0
2967 93.8758380695 0.0
2968 95.666846536 0.0
2969 96.7512486572 0.0
2970 96.95559896 0.0
2971 95.0041797105 0.0
2972 92.0404696092 0.0
2973 91.8836328542 0.0
2974 92.912742661 0.0
2975 92.234938776 0.0
2976 91.3286073405 0.0
2977 90.4735737176 0.0
2978 90.7683259033 0.0
2979 90.2761612337 0.0
2980 89.6332566803 0.0
2981 90.8652451312 0.0
2982 90.4868186446 0.0
2983 90.4943871743 0.0
2984 90.769377088 0.0
2985 90.3644607472 0.0
2986 89.7478358109 0.0
2987 90.1798727165 0.0
2988 90.5152006311 0.0
2989 90.481983195 0.0
2990 90.7407848645 0.0
2991 89.6700481442 0.0
2992 89.0227286151 0.0
2993 89.3052870585 0.0
2994 89.3719321675 0.0
2995 88.4328037698 0.0
2996 86.9352860674 0.0
2997 86.7506980367 0.0
2998 88.0533260985 0.0
2999 88.1506658003 0.0
3000 86.0888721589 0.0
3001 86.9159442692 0.0
3002 86.472344332 0.0
3003 86.3167689986 0.0
3004 85.3734358622 0.0
3005 86.3882495572 0.0
3006 85.8128310606 0.0
3007 86.4050685122 0.0
3008 85.6173107092 0.0
3009 84.6138498087 0.0
3010 85.5916618028 0.0
3011 85.437558128 0.0
3012 85.2769371081 0.0
3013 83.6917506029 0.0
3014 83.2494120874 0.0
3015 84.232269768 0.0
3016 84.4580642384 0.0
3017 83.0200435891 0.0
3018 83.3353989947 0.0
3019 84.2373154545 0.0
3020 84.0274989914 0.0
3021 83.1764598703 0.0
3022 83.9446656382 0.0
3023 82.8259948962 0.0
3024 82.0964727247 0.0
3025 82.1420941401 0.0
3026 82.1631178338 0.0
3027 81.8460805327 0.0
3028 82.1076152824 0.0
3029 81.2298760703 0.0
3030 81.1321158946 0.0
3031 80.2280970654 0.0
3032 80.5667887709 0.0
3033 80.6027392872 0.0
3034 78.510040816 0.0
3035 78.4541177907 0.0
3036 79.1113184559 0.0
3037 79.1817478298 0.0
3038 79.4104856173 0.0
3039 79.3358515046 0.0
3040 79.7411883192 0.0
3041 78.5602874439 0.0
3042 79.8973943634 0.0
3043 80.9700232162 0.0
3044 80.7015506476 0.0
3045 78.596868671 0.0
3046 76.5672412809 0.0
3047 76.1455059852 0.0
3048 77.4496057056 0.0
3049 77.5313878741 0.0
3050 76.5878445007 0.0
3051 77.1954292488 0.0
3052 76.4293258502 0.0
3053 76.1501311978 0.0
3054 76.2834214159 0.0
3055 76.5714460197 0.0
3056 78.0565597428 0.0
3057 77.7784162751 0.0
3058 76.8144799189 0.0
3059 76.1606430447 0.0
3060 76.9902379982 0.0
3061 75.3678395552 0.0
3062 75.0503817803 0.0
3063 75.4714863651 0.0
3064 76.3269404619 0.0
3065 76.7615002107 0.0
3066 76.3168490889 0.0
3067 75.755726704 0.0
3068 75.7185147661 0.0
3069 75.7986150391 0.0
3070 75.5171077805 0.0
3071 75.5290912859 0.0
3072 74.7699257063 0.0
3073 72.6170994711 0.0
3074 72.4089649034 0.0
3075 71.7635375068 0.0
3076 71.3560983228 0.0
3077 71.3470581345 0.0
3078 71.1689874488 0.0
3079 71.428840303 0.0
3080 71.44208523 0.0
3081 72.7630039054 0.0
3082 72.9936338253 0.0
3083 72.8639176352 0.0
3084 72.740929027 0.0
3085 72.7951701568 0.0
3086 71.248457011 0.0
3087 68.824845601 0.0
3088 66.4922667847 0.0
3089 68.0122798394 0.0
3090 68.310606053 0.0
3091 69.0996252777 0.0
3092 70.3812296458 0.0
3093 70.5935689522 0.0
3094 70.5035875432 0.0
3095 68.6221771937 0.0
3096 67.9857899853 0.0
3097 68.2681381917 0.0
3098 68.6259614586 0.0
3099 68.1539795349 0.0
3100 65.9012907547 0.0
3101 67.1524107669 0.0
3102 65.3313384184 0.0
3103 65.1097486868 0.0
3104 65.2531302778 0.0
3105 65.0134601696 0.0
3106 65.9071773889 0.0
3107 65.7846092546 0.0
3108 65.3666582238 0.0
3109 66.0295352863 0.0
3110 64.8898408506 0.0
3111 64.5109938901 0.0
3112 63.8556853574 0.0
3113 63.4347910095 0.0
3114 62.6104519794 0.0
3115 63.2682833553 0.0
3116 63.9074036439 0.0
3117 63.3902207788 0.0
3118 63.0000210237 0.0
3119 62.7847384002 0.0
3120 62.2055356387 0.0
3121 63.5676607537 0.0
3122 62.6379930181 0.0
3123 61.7020181745 0.0
3124 61.6530329681 0.0
3125 60.5448740731 0.0
3126 61.3441949077 0.0
3127 60.8213356453 0.0
3128 60.1788515657 0.0
3129 59.6677655718 0.0
3130 60.1767491963 0.0
3131 60.4822234658 0.0
3132 59.6688167565 0.0
3133 59.7148586457 0.0
3134 58.8507848345 0.0
3135 58.7202276966 0.0
3136 58.8682345003 0.0
3137 58.8259768759 0.0
3138 58.9081795183 0.0
3139 59.1131605319 0.0
3140 59.1905277247 0.0
3141 58.1977889081 0.0
3142 57.7625984484 0.0
3143 56.4538735154 0.0
3144 56.9769430148 0.0
3145 57.0250872733 0.0
3146 56.7088909201 0.0
3147 56.1952820829 0.0
3148 56.0275130072 0.0
3149 55.6499274682 0.0
3150 55.6200738232 0.0
3151 56.088271482 0.0
3152 55.8769833602 0.0
3153 55.3007239158 0.0
3154 55.4674418069 0.0
3155 55.4569299601 0.0
3156 55.0011362806 0.0
3157 54.6521429651 0.0
3158 54.0660023847 0.0
3159 54.2232596136 0.0
3160 53.7365611044 0.0
3161 53.8038369242 0.0
3162 53.5744684259 0.0
3163 52.8548273905 0.0
3164 53.1163621401 0.0
3165 53.3125132024 0.0
3166 52.4515929452 0.0
3167 52.7499191589 0.0
3168 52.0941901523 0.0
3169 51.871549236 0.0
3170 51.6150601728 0.0
3171 51.6547949539 0.0
3172 52.2365205587 0.0
3173 52.5350570092 0.0
3174 51.1968989051 0.0
3175 50.4762066849 0.0
3176 50.1843978163 0.0
3177 50.288885574 0.0
3178 50.0355500649 0.0
3179 50.1539134605 0.0
3180 49.3447114898 0.0
3181 48.6660666571 0.0
3182 48.3774113426 0.0
3183 49.2030117943 0.0
3184 50.6414529174 0.0
3185 50.5912062895 0.0
3186 50.4034647047 0.0
3187 49.0922169285 0.0
3188 48.3908665065 0.0
3189 48.8437168689 0.0
3190 48.4869447868 0.0
3191 47.7069657504 0.0
3192 47.2816564268 0.0
3193 46.5161837391 0.0
3194 46.556549231 0.0
3195 46.5117687634 0.0
3196 45.9285715001 0.0
3197 45.2572849601 0.0
3198 46.1373367785 0.0
3199 47.150889052 0.0
3200 46.4245204345 0.0
3201 45.7868718045 0.0
3202 44.9522311645 0.0
3203 44.129363793 0.0
3204 44.1238976326 0.0
3205 44.3255148552 0.0
3206 44.9797722033 0.0
3207 44.8309244519 0.0
3208 44.092572329 0.0
3209 42.9120919276 0.0
3210 43.0748153169 0.0
3211 42.5618371905 0.0
3212 42.9179785618 0.0
3213 42.456718722 0.0
3214 41.8653222181 0.0
3215 41.5604786594 0.0
3216 42.0211077885 0.0
3217 41.8148653532 0.0
3218 41.6777908703 0.0
3219 40.8830952483 0.0
3220 41.305040781 0.0
3221 42.6741037149 0.0
3222 42.4806857328 0.0
3223 41.8251669632 0.0
3224 41.2058089467 0.0
3225 40.5462956752 0.0
3226 40.4050164535 0.0
3227 40.7294120474 0.0
3228 40.3219728634 0.0
3229 40.066324748 0.0
3230 39.3683381171 0.0
3231 39.3868389675 0.0
3232 39.3292340468 0.0
3233 39.9849630534 0.0
3234 39.9673031506 0.0
3235 39.2178084701 0.0
3236 38.5427376653 0.0
3237 37.9551254263 0.0
3238 37.4263795297 0.0
3239 36.7639229411 0.0
3240 36.4943991879 0.0
3241 36.3400852761 0.0
3242 36.7155684456 0.0
3243 36.6459800195 0.0
3244 36.6266382213 0.0
3245 36.0093825742 0.0
3246 36.0455433273 0.0
3247 35.5889087001 0.0
3248 35.4053718541 0.0
3249 34.9308670872 0.0
3250 35.1814695161 0.0
3251 34.457413505 0.0
3252 34.6466267483 0.0
3253 35.5165871938 0.0
3254 35.6545026245 0.0
3255 34.49756876 0.0
3256 34.1695991382 0.0
3257 34.1130454022 0.0
3258 33.4262013289 0.0
3259 33.3969783946 0.0
3260 33.6210909695 0.0
3261 33.5311095605 0.0
3262 33.9301392669 0.0
3263 33.7388236543 0.0
3264 33.5081937343 0.0
3265 33.2172258135 0.0
3266 32.7963314656 0.0
3267 32.4931698024 0.0
3268 32.4616342618 0.0
3269 32.4595318924 0.0
3270 32.2251177077 0.0
3271 31.0557798639 0.0
3272 30.8909541053 0.0
3273 30.8266216025 0.0
3274 30.3722995816 0.0
3275 29.9379500697 0.0
3276 29.7581974886 0.0
3277 30.3535884942 0.0
3278 29.7691298093 0.0
3279 29.3076597325 0.0
3280 28.8672133494 0.0
3281 28.4759624096 0.0
3282 28.3540249862 0.0
3283 27.9688709175 0.0
3284 27.7807088589 0.0
3285 28.841984917 0.0
3286 28.4778545421 0.0
3287 27.553232493 0.0
3288 27.27614021 0.0
3289 27.1190932181 0.0
3290 26.7637927945 0.0
3291 27.0108211955 0.0
3292 26.7227965918 0.0
3293 26.7106028494 0.0
3294 26.5857221088 0.0
3295 25.8976166139 0.0
3296 25.3983038885 0.0
3297 26.1665096564 0.0
3298 25.790606013 0.0
3299 25.4430843561 0.0
3300 25.416594502 0.0
3301 25.0333325658 0.0
3302 24.6618438981 0.0
3303 24.1202735483 0.0
3304 23.9674312951 0.0
3305 24.001069205 0.0
3306 24.0141038951 0.0
3307 24.0853742167 0.0
3308 23.627267931 0.0
3309 23.1050393794 0.0
3310 23.2881557515 0.0
3311 23.3472323308 0.0
3312 23.3615284426 0.0
3313 23.1590702722 0.0
3314 23.1620135893 0.0
3315 22.9402136207 0.0
3316 22.6517685431 0.0
3317 22.468652171 0.0
3318 22.1629676646 0.0
3319 21.9771182122 0.0
3320 21.8162869554 0.0
3321 21.5774577949 0.0
3322 21.3230711011 0.0
3323 21.1624500812 0.0
3324 21.1876785137 0.0
3325 20.8834656658 0.0
3326 20.3135133295 0.0
3327 19.7355719896 0.0
3328 19.2827216273 0.0
3329 19.3039555579 0.0
3330 19.0386365434 0.0
3331 18.9391944722 0.0
3332 18.7607033126 0.0
3333 18.2830449917 0.0
3334 18.2880906782 0.0
3335 17.9378359411 0.0
3336 17.7898291374 0.0
3337 17.7084674428 0.0
3338 17.1565954831 0.0
3339 17.0830125551 0.0
3340 17.2921983075 0.0
3341 17.4801501292 0.0
3342 17.0823818443 0.0
3343 16.8334613109 0.0
3344 16.5998880739 0.0
3345 16.1581802692 0.0
3346 16.0789209439 0.0
3347 15.9595063637 0.0
3348 15.4793251995 0.0
3349 15.4900472833 0.0
3350 14.910213811 0.0
3351 14.8248576145 0.0
3352 14.9749667876 0.0
3353 14.4264586189 0.0
3354 14.459255581 0.0
3355 14.6234506289 0.0
3356 14.5685787883 0.0
3357 14.4556815531 0.0
3358 14.0360486268 0.0
3359 13.6109495401 0.0
3360 13.5194964725 0.0
3361 12.9058148533 0.0
3362 12.6222052253 0.0
3363 12.3322884891 0.0
3364 12.4107068666 0.0
3365 11.9984322331 0.0
3366 11.6933784375 0.0
3367 11.621477405 0.0
3368 11.357840286 0.0
3369 11.3401803833 0.0
3370 11.1299434463 0.0
3371 11.0443770129 0.0
3372 11.0332344552 0.0
3373 10.7380617956 0.0
3374 10.7157766803 0.0
3375 10.509744482 0.0
3376 10.045751562 0.0
3377 9.67195028797 0.0
3378 9.60025949245 0.0
3379 9.60866896993 0.0
3380 9.56746253027 0.0
3381 9.00739133003 0.0
3382 8.70675251008 0.0
3383 8.63380029293 0.0
3384 8.4576217397 0.0
3385 8.20008149184 0.0
3386 7.82649045474 0.0
3387 7.59207626996 0.0
3388 7.4236764834 0.0
3389 7.19809224996 0.0
3390 7.09234307064 0.0
3391 6.7242181939 0.0
3392 6.66282900829 0.0
3393 6.73178672364 0.0
3394 6.84972964531 0.0
3395 6.63045251999 0.0
3396 6.44165975054 0.0
3397 5.9463415269 0.0
3398 5.68144298624 0.0
3399 5.7640661025 0.0
3400 5.50148016815 0.0
3401 5.20504608694 0.0
3402 4.9674783481 0.0
3403 4.8596267994 0.0
3404 4.75030359215 0.0
3405 4.52366817403 0.0
3406 4.50726969294 0.0
3407 4.25456489464 0.0
3408 3.71719928359 0.0
3409 3.4480960042 0.0
3410 3.28284977169 0.0
3411 3.27990645457 0.0
3412 2.97947787156 0.0
3413 2.7372849201 0.0
3414 2.49887623351 0.0
3415 2.38492781365 0.0
3416 2.42192951456 0.0
3417 2.36033009201 0.0
3418 2.24448953971 0.0
3419 1.78785491249 0.0
3420 1.37137554023 0.0
3421 1.09155017705 0.0
3422 0.90401882922 0.0
3423 0.842629643608 0.0
3424 0.678644832726 0.0
3425 0.591816977734 0.0
3426 0.46756694795 0.0
3427 0.297485265895 0.0
3428 0.276041098318 0.0
3429 0.253125272182 0.0
3430 0.223692100998 0.0
3431 0.186269926207 0.0
3432 0.164615521693 0.0
3433 0.0740034018339 0.0
3434 -0.138125667627 0.0
3435 -0.0197622720806 0.0
3436 -0.0986011234661 0.0
3437 0.00567639729976 0.0
3438 -0.00252284324434 0.0
3439 -0.0279615126247 0.0
3440 -0.0334276729875 0.0
3441 -0.134972113572 0.0
3442 -0.0628608441714 0.0
3443 -0.0401552549723 0.0
3444 -0.00967089910329 0.0
3445 0.213810964957 0.0
3446 0.197832957743 0.0
3447 0.274989913633 0.0
3448 0.10259562527 0.0
3449 -0.00294331711839 0.0
3450 -0.0107220837884 0.0
3451 -0.0609687117381 0.0
3452 0.0788388513855 0.0
3453 0.157467465834 0.0
3454 0.0773671928263 0.0
3455 -0.0578151576827 0.0
3456 -0.0117732684736 0.0
3457 0.147796566731 0.0
3458 0.0988113604032 0.0
3459 -0.030274118932 0.0
3460 -0.0706396108414 0.0
3461 0.022705589199 0.0
3462 -0.0117732684736 0.0
3463 0.0544513666903 0.0
3464 -0.0134551639698 0.0
3465 -0.0618096594862 0.0
3466 -0.118573632484 0.0
3467 -0.0927144892293 0.0
3468 -0.0279615126247 0.0
3469 -0.127613820776 0.0
3470 -0.0124039792847 0.0
3471 0.0231260630731 0.0
3472 0.0700089000303 0.0
3473 -0.0405757288464 0.0
3474 -0.0159780072141 0.0
3475 0.0870380919296 0.0
3476 -0.123619318972 0.0
3477 -0.0391040702872 0.0
3478 -0.0441497567759 0.0
3479 -0.0275410387507 0.0
3480 -0.0210236937028 0.0
3481 0.282137969492 0.0
3482 0.867647839115 0.0
3483 1.1895205897 0.0
3484 1.39996776367 0.0
3485 1.87321110892 0.0
3486 3.00260393463 0.0
3487 4.69332938221 0.0
3488 6.66093687586 0.0
3489 8.67458625871 0.0
3490 12.2067770377 0.0
3491 16.2786460341 0.0
3492 18.3824870629 0.0
3493 21.423564357 0.0
3494 25.5509359048 0.0
3495 28.4410630781 0.0
3496 32.6399151844 0.0
3497 35.8935420219 0.0
3498 39.572267946 0.0
3499 43.0420183547 0.0
3500 46.029064756 0.0
3501 48.8311026527 0.0
3502 51.6156908836 0.0
3503 55.0549569365 0.0
3504 57.6030286132 0.0
3505 61.4940938438 0.0
3506 64.0087378475 0.0
3507 66.4184736198 0.0
3508 67.4578850364 0.0
3509 70.3375003629 0.0
3510 73.1353335209 0.0
3511 74.9183529838 0.0
3512 78.5104612899 0.0
3513 80.9481585747 0.0
3514 81.5399755524 0.0
3515 83.8080116291 0.0
3516 85.003418853 0.0
3517 87.4970391631 0.0
3518 90.9804549727 0.0
3519 94.5214757031 0.0
3520 95.4843608747 0.0
3521 96.6822909419 0.0
3522 98.180859829 0.0
3523 97.7582835856 0.0
3524 100.953674791 0.0
3525 103.833500355 0.0
3526 105.999991991 0.0
3527 108.335724361 0.0
3528 110.624573895 0.0
3529 112.383836584 0.0
3530 114.435538852 0.0
3531 113.021274977 0.0
3532 111.048832034 0.0
3533 110.274108921 0.0
3534 110.203048836 0.0
3535 111.488016995 0.0
3536 111.72789734 0.0
3537 110.950651384 0.0
3538 111.106016481 0.0
3539 109.396790183 0.0
3540 110.085946862 0.0
3541 109.373243646 0.0
3542 111.018557915 0.0
3543 111.258858734 0.0
3544 109.417603639 0.0
3545 110.883375564 0.0
3546 110.489601781 0.0
3547 109.682712417 0.0
3548 111.477084674 0.0
3549 109.588526269 0.0
3550 107.453780411 0.0
3551 107.752106624 0.0
3552 108.729708381 0.0
3553 109.386909046 0.0
3554 108.370623693 0.0
3555 107.519374335 0.0
3556 108.364316585 0.0
3557 110.811264295 0.0
3558 111.146171736 0.0
3559 111.348419669 0.0
3560 111.200623102 0.0
3561 111.046098954 0.0
3562 109.547530066 0.0
3563 106.88067452 0.0
3564 107.482372634 0.0
3565 106.283181145 0.0
3566 106.560483665 0.0
3567 106.236088071 0.0
3568 106.105951407 0.0
3569 105.891089258 0.0
3570 105.598859915 0.0
3571 104.65405512 0.0
3572 104.305482279 0.0
3573 103.666992701 0.0
3574 104.422794489 0.0
3575 103.555987598 0.0
3576 102.727443829 0.0
3577 103.236427454 0.0
3578 102.482307561 0.0
3579 102.794088938 0.0
3580 104.195318124 0.0
3581 102.880496319 0.0
3582 103.585420769 0.0
3583 103.87365561 0.0
3584 105.858292295 0.0
3585 103.764963113 0.0
3586 103.022616489 0.0
3587 103.159901209 0.0
3588 101.692026914 0.0
3589 100.918985697 0.0
3590 100.995091468 0.0
3591 101.841084903 0.0
3592 101.562731198 0.0
3593 104.333233554 0.0
3594 103.354370375 0.0
3595 103.212250206 0.0
3596 100.162132724 0.0
3597 99.8305890739 0.0
3598 99.3070991007 0.0
3599 99.23919257 0.0
3600 99.1166244357 0.0
3601 99.6003796278 0.0
3602 99.8120882234 0.0
3603 101.728818378 0.0
3604 102.877342765 0.0
3605 103.288355977 0.0
3606 102.701794923 0.0
3607 102.348176395 0.0
3608 101.707374211 0.0
3609 101.527411393 0.0
3610 99.7351415045 0.0
3611 99.28586517 0.0
3612 97.0546205574 0.0
3613 96.3267802814 0.0
3614 97.186018643 0.0
3615 97.0947758123 0.0
3616 97.3237238367 0.0
3617 97.4725715882 0.0
3618 96.6068158815 0.0
3619 96.6362490527 0.0
3620 95.8886465046 0.0
3621 95.1544991205 0.0
3622 94.8563831438 0.0
3623 94.9999749718 0.0
3624 93.6983980946 0.0
3625 94.411732022 0.0
3626 94.4138343913 0.0
3627 93.8764687803 0.0
3628 93.2022389233 0.0
3629 92.9419655952 0.0
3630 94.8576445654 0.0
3631 94.2431219985 0.0
3632 92.8923496781 0.0
3633 93.9679218479 0.0
3634 94.4178288931 0.0
3635 94.7579922573 0.0
3636 94.2956812327 0.0
3637 93.7915330577 0.0
3638 93.8630136163 0.0
3639 92.354984067 0.0
3640 90.8156292141 0.0
3641 91.6967322172 0.0
3642 91.8417957037 0.0
3643 92.1275077012 0.0
3644 92.4891152329 0.0
3645 91.5693286334 0.0
3646 89.9715279119 0.0
3647 90.355420559 0.0
3648 89.9549191939 0.0
3649 90.5442133284 0.0
3650 90.271746258 0.0
3651 90.1533828625 0.0
3652 88.2301353625 0.0
3653 88.7229307429 0.0
3654 89.0559460512 0.0
3655 88.8066050439 0.0
3656 88.6218067762 0.0
3657 88.6112949294 0.0
3658 87.7920015858 0.0
3659 88.6810935925 0.0
3660 86.4582584573 0.0
3661 89.3061280063 0.0
3662 88.1300625805 0.0
3663 87.4215641027 0.0
3664 87.7205210272 0.0
3665 86.7927454241 0.0
3666 86.9657704233 0.0
3667 87.1953491585 0.0
3668 85.7537544813 0.0
3669 86.3436793266 0.0
3670 86.793165898 0.0
3671 86.6804788997 0.0
3672 86.829747125 0.0
3673 84.790028362 0.0
3674 84.6342427916 0.0
3675 84.8053756584 0.0
3676 85.2357306685 0.0
3677 83.7396846246 0.0
3678 84.6434932168 0.0
3679 84.8623498683 0.0
3680 84.7923409683 0.0
3681 85.7449245299 0.0
3682 86.9617759215 0.0
3683 85.3076317009 0.0
3684 84.6239411817 0.0
3685 84.6022867772 0.0
3686 83.9808263913 0.0
3687 83.2231324703 0.0
3688 82.0710340554 0.0
3689 81.86205854 0.0
3690 82.3765083249 0.0
3691 82.3821847222 0.0
3692 83.8105344723 0.0
3693 82.8810769737 0.0
3694 83.4569159443 0.0
3695 84.886527116 0.0
3696 85.4787645677 0.0
3697 85.3210868649 0.0
3698 84.5400566438 0.0
3699 82.6496061061 0.0
3700 81.3995372785 0.0
3701 81.7769125805 0.0
3702 80.7009199368 0.0
3703 81.4733304434 0.0
3704 83.0835351441 0.0
3705 82.5360781601 0.0
3706 80.6222913223 0.0
3707 79.1619855577 0.0
3708 80.9607727909 0.0
3709 80.222630905 0.0
3710 81.2277737009 0.0
3711 81.0030304153 0.0
3712 78.4816588295 0.0
3713 77.8339188265 0.0
3714 78.0668613527 0.0
3715 78.7793543323 0.0
3716 78.2146579195 0.0
3717 78.5327464052 0.0
3718 77.5616619931 0.0
3719 78.2968605618 0.0
3720 77.9880225013 0.0
3721 78.2180217105 0.0
3722 78.5430480151 0.0
3723 76.5600932251 0.0
3724 76.1581202015 0.0
3725 75.5301424706 0.0
3726 75.5896395237 0.0
3727 76.3513279466 0.0
3728 77.1725134226 0.0
3729 75.425024002 0.0
3730 76.4980733286 0.0
3731 76.3092805592 0.0
3732 75.8850224203 0.0
3733 75.2791195677 0.0
3734 73.3291719768 0.0
3735 73.3438885624 0.0
3736 73.475496885 0.0
3737 74.7722383126 0.0
3738 76.2590339312 0.0
3739 76.707048844 0.0
3740 76.8285657936 0.0
3741 76.6439777629 0.0
3742 76.4753677394 0.0
3743 76.0876908276 0.0
3744 75.3585891299 0.0
3745 74.8100809612 0.0
3746 73.311932548 0.0
3747 72.7001430612 0.0
3748 71.8099998698 0.0
3749 71.3981457102 0.0
3750 72.139861624 0.0
3751 71.9317270564 0.0
3752 71.9720925483 0.0
3753 71.0867848065 0.0
3754 70.8662462595 0.0
3755 71.1223148488 0.0
3756 70.8340800082 0.0
3757 70.3135333521 0.0
3758 70.7800491153 0.0
3759 72.0906661808 0.0
3760 72.2138650259 0.0
3761 71.4168567976 0.0
3762 69.6866068059 0.0
3763 68.9894611227 0.0
3764 69.3628419228 0.0
3765 69.2501549246 0.0
3766 70.3465405512 0.0
3767 69.3502277066 0.0
3768 67.5424002851 0.0
3769 67.285700985 0.0
3770 66.7563243776 0.0
3771 67.3950241923 0.0
3772 67.2737174796 0.0
3773 67.4921536572 0.0
3774 67.3298507418 0.0
3775 66.8830972506 0.0
3776 66.9831700326 0.0
3777 67.6075737356 0.0
3778 67.939958333 0.0
3779 66.8181340371 0.0
3780 66.2801377152 0.0
3781 65.3990347121 0.0
3782 66.6484728289 0.0
3783 65.1940536985 0.0
3784 64.0486828656 0.0
3785 64.0051638196 0.0
3786 64.5042663081 0.0
3787 64.9800324966 0.0
3788 65.172399294 0.0
3789 65.1112203453 0.0
3790 64.03396628 0.0
3791 63.3410253355 0.0
3792 62.7841076894 0.0
3793 63.4900833239 0.0
3794 63.5544158266 0.0
3795 63.2329635499 0.0
3796 63.6912800726 0.0
3797 63.770329161 0.0
3798 63.2914094184 0.0
3799 62.5133225145 0.0
3800 62.8673615164 0.0
3801 63.6639492708 0.0
3802 61.9194031674 0.0
3803 60.8263813318 0.0
3804 61.5464428411 0.0
3805 61.1968188148 0.0
3806 61.2264622229 0.0
3807 60.4826439397 0.0
3808 60.0022525386 0.0
3809 60.2402407513 0.0
3810 59.8143007169 0.0
3811 59.1409118076 0.0
3812 59.9219420287 0.0
3813 60.1403782062 0.0
3814 61.4877867356 0.0
3815 62.1100880692 0.0
3816 61.9950884647 0.0
3817 60.1279742269 0.0
3818 58.6905842885 0.0
3819 58.3960423397 0.0
3820 58.6607306434 0.0
3821 58.5718004191 0.0
3822 57.8439601431 0.0
3823 57.4909723258 0.0
3824 57.5513103267 0.0
3825 57.2237611788 0.0
3826 57.9595904584 0.0
3827 58.6794417308 0.0
3828 57.2843094167 0.0
3829 57.10287494 0.0
3830 56.5474289524 0.0
3831 56.6739915885 0.0
3832 56.5083248821 0.0
3833 56.9189176201 0.0
3834 55.5435475781 0.0
3835 55.042973431 0.0
3836 55.6528707854 0.0
3837 54.9433211229 0.0
3838 55.3907053249 0.0
3839 55.0660994941 0.0
3840 54.9611912625 0.0
3841 54.9334399869 0.0
3842 54.5472347335 0.0
3843 54.5646843993 0.0
3844 54.6576091255 0.0
3845 54.6182948183 0.0
3846 53.6987184557 0.0
3847 54.6794737669 0.0
3848 54.068314991 0.0
3849 54.5852876191 0.0
3850 53.7737730422 0.0
3851 53.0019932464 0.0
3852 52.6601479868 0.0
3853 53.0150279365 0.0
3854 53.7182704908 0.0
3855 53.5387281466 0.0
3856 53.0995431852 0.0
3857 53.1314991996 0.0
3858 52.4501212867 0.0
3859 52.0189253288 0.0
3860 52.9218929734 0.0
3861 52.188796774 0.0
3862 52.9771852878 0.0
3863 52.5617571002 0.0
3864 51.4060846574 0.0
3865 51.8061655486 0.0
3866 50.5798534949 0.0
3867 50.2581909812 0.0
3868 50.9410405527 0.0
3869 50.0290327199 0.0
3870 50.9912871806 0.0
3871 51.2320084735 0.0
3872 49.8492801387 0.0
3873 49.3838155601 0.0
3874 49.7460538026 0.0
3875 49.5770233053 0.0
3876 48.7957828473 0.0
3877 49.1662203303 0.0
3878 49.6718401639 0.0
3879 49.2772254331 0.0
3880 49.3423988835 0.0
3881 49.1445659258 0.0
3882 48.062266174 0.0
3883 48.0029793577 0.0
3884 47.4767563043 0.0
3885 47.3613362259 0.0
3886 47.14416147 0.0
3887 47.2782926358 0.0
3888 46.7112836166 0.0
3889 46.1949416993 0.0
3890 46.4213668805 0.0
3891 47.0026720113 0.0
3892 46.650104668 0.0
3893 46.1753896641 0.0
3894 45.6470642414 0.0
3895 45.5139842603 0.0
3896 46.0420994461 0.0
3897 45.9006099874 0.0
3898 45.7631150306 0.0
3899 45.7629047937 0.0
3900 45.1139033691 0.0
3901 44.5193533112 0.0
3902 43.7099411036 0.0
3903 43.8596298028 0.0
3904 43.715407264 0.0
3905 44.22291923 0.0
3906 43.6615866081 0.0
3907 43.11097607 0.0
3908 42.6566540491 0.0
3909 42.8610043519 0.0
3910 43.207895298 0.0
3911 43.2684435359 0.0
3912 43.0315065078 0.0
3913 42.944258179 0.0
3914 43.7486247 0.0
3915 42.6720013455 0.0
3916 41.6866208217 0.0
3917 40.8923456736 0.0
3918 41.0172264142 0.0
3919 40.9625648105 0.0
3920 40.9819066087 0.0
3921 40.5935989861 0.0
3922 40.7798689123 0.0
3923 41.0336248953 0.0
3924 40.970974288 0.0
3925 40.7737720411 0.0
3926 40.6163045753 0.0
3927 41.2421799368 0.0
3928 40.4956285734 0.0
3929 40.8803621682 0.0
3930 40.1521014183 0.0
3931 39.79574981 0.0
3932 39.7587481091 0.0
3933 38.6381852348 0.0
3934 38.8360181925 0.0
3935 38.1477024607 0.0
3936 37.5861596019 0.0
3937 38.0009570786 0.0
3938 37.715875792 0.0
3939 38.0436351768 0.0
3940 37.8481148254 0.0
3941 37.1789306548 0.0
3942 37.375502191 0.0
3943 37.7472010956 0.0
3944 37.1787204179 0.0
3945 37.0969382494 0.0
3946 37.1434006125 0.0
3947 36.8608421691 0.0
3948 36.6838226681 0.0
3949 36.0327188742 0.0
3950 35.7417509533 0.0
3951 35.2863777477 0.0
3952 35.3980135613 0.0
3953 35.1356378639 0.0
3954 34.9611412061 0.0
3955 34.8553920268 0.0
3956 34.8604377133 0.0
3957 34.4349181528 0.0
3958 34.6117274168 0.0
3959 34.6382172709 0.0
3960 34.2532734392 0.0
3961 34.2915365617 0.0
3962 34.1458423643 0.0
3963 33.3728011469 0.0
3964 33.1257727459 0.0
3965 32.901660171 0.0
3966 32.8678120241 0.0
3967 32.9157460458 0.0
3968 32.5999701664 0.0
3969 32.3695504834 0.0
3970 31.7968650669 0.0
3971 32.2528689833 0.0
3972 32.0775313779 0.0
3973 31.9728333832 0.0
3974 32.2356295545 0.0
3975 31.9825042823 0.0
3976 31.5771674677 0.0
3977 31.512834965 0.0
3978 31.5464728749 0.0
3979 31.5058971461 0.0
3980 30.8993635828 0.0
3981 30.2343841509 0.0
3982 30.140828714 0.0
3983 29.7853180534 0.0
3984 29.6394136191 0.0
3985 30.1734154392 0.0
3986 29.9242846688 0.0
3987 29.2580438154 0.0
3988 29.1972853406 0.0
3989 29.0618927531 0.0
3990 28.9725420549 0.0
3991 28.761884644 0.0
3992 28.7763909926 0.0
3993 28.7616744071 0.0
3994 28.3729463105 0.0
3995 28.2213654789 0.0
3996 28.2873798771 0.0
3997 28.1528282374 0.0
3998 27.5713128696 0.0
3999 27.4260391461 0.0
4000 26.7858676729 0.0
4001 26.6574129043 0.0
4002 26.6124221998 0.0
4003 26.211290124 0.0
4004 25.8566204112 0.0
4005 25.9869673122 0.0
4006 25.6941072589 0.0
4007 25.5931935291 0.0
4008 25.7407798589 0.0
4009 25.3861101461 0.0
4010 25.4691537363 0.0
4011 25.0242923775 0.0
4012 24.8605178036 0.0
4013 24.6879132783 0.0
4014 24.3275671682 0.0
4015 24.2087832988 0.0
4016 24.1507579042 0.0
4017 24.3755011898 0.0
4018 23.7019020436 0.0
4019 23.2021688443 0.0
4020 23.5053305075 0.0
4021 23.6991689634 0.0
4022 23.9657493996 0.0
4023 23.8879617329 0.0
4024 23.7286021346 0.0
4025 23.336720484 0.0
4026 22.6473535675 0.0
4027 22.6219148981 0.0
4028 22.6763662648 0.0
4029 22.8706251946 0.0
4030 22.6078290233 0.0
4031 21.6035271751 0.0
4032 21.170018611 0.0
4033 20.6503129026 0.0
4034 20.395505735 0.0
4035 20.8649648153 0.0
4036 20.4604689485 0.0
4037 21.0342055497 0.0
4038 20.5941796405 0.0
4039 20.2592721998 0.0
4040 19.807683259 0.0
4041 19.6203621481 0.0
4042 19.7128664004 0.0
4043 19.8026375725 0.0
4044 19.5827297364 0.0
4045 19.5362673733 0.0
4046 19.0127774001 0.0
4047 18.6299359378 0.0
4048 18.4211706593 0.0
4049 18.04842057 0.0
4050 18.1104404664 0.0
4051 18.1203216024 0.0
4052 18.0040605763 0.0
4053 17.9458249447 0.0
4054 17.8339788942 0.0
4055 17.4656437805 0.0
4056 17.2930392552 0.0
4057 17.1586978525 0.0
4058 17.2766407741 0.0
4059 17.3090172625 0.0
4060 16.5479595504 0.0
4061 16.2729696368 0.0
4062 16.1312699412 0.0
4063 16.1384179971 0.0
4064 15.7536844023 0.0
4065 15.6290138987 0.0
4066 15.8726785087 0.0
4067 15.8001467654 0.0
4068 15.1008987128 0.0
4069 14.9890526623 0.0
4070 14.7226824631 0.0
4071 14.5204345297 0.0
4072 14.4958368081 0.0
4073 14.2300973197 0.0
4074 13.9134804925 0.0
4075 13.9481695871 0.0
4076 13.9271458934 0.0
4077 13.8634441015 0.0
4078 13.5291673716 0.0
4079 13.3378517589 0.0
4080 12.6749746965 0.0
4081 12.6934755469 0.0
4082 12.660047874 0.0
4083 12.5381104505 0.0
4084 12.4821874252 0.0
4085 12.1643091764 0.0
4086 11.7093564447 0.0
4087 11.9404068385 0.0
4088 11.9431399187 0.0
4089 11.9828746998 0.0
4090 11.6713035591 0.0
4091 11.4984887969 0.0
4092 11.3788639797 0.0
4093 11.2539832391 0.0
4094 10.6251645605 0.0
4095 10.2324419621 0.0
4096 9.9809985854 0.0
4097 10.065724071 0.0
4098 9.87188561509 0.0
4099 9.90615423582 0.0
4100 9.46255429869 0.0
4101 9.50144813204 0.0
4102 9.09821368682 0.0
4103 8.86295855429 0.0
4104 8.70380919296 0.0
4105 8.58796864066 0.0
4106 8.28922195314 0.0
4107 8.4706564298 0.0
4108 8.17842708733 0.0
4109 7.9721846521 0.0
4110 7.95830901426 0.0
4111 7.92488134127 0.0
4112 7.74744136642 0.0
4113 7.36838416896 0.0
4114 7.21617262655 0.0
4115 7.17980163644 0.0
4116 7.09696828325 0.0
4117 7.07720601117 0.0
4118 6.82260908043 0.0
4119 6.70760947588 0.0
4120 6.81272794439 0.0
4121 6.54404513887 0.0
4122 6.06659705488 0.0
4123 5.77142439529 0.0
4124 5.83575689802 0.0
4125 5.82755765748 0.0
4126 5.67555635201 0.0
4127 5.34947886268 0.0
4128 5.19600589865 0.0
4129 5.07217634274 0.0
4130 4.83881334264 0.0
4131 4.68723251104 0.0
4132 4.25603655319 0.0
4133 4.19044262884 0.0
4134 4.20452850362 0.0
4135 4.18749931172 0.0
4136 4.08364226483 0.0
4137 4.01026957381 0.0
4138 3.75882619712 0.0
4139 3.77585538902 0.0
4140 3.68356137367 0.0
4141 3.19391954733 0.0
4142 2.96602270759 0.0
4143 3.00302440851 0.0
4144 2.62901289754 0.0
4145 2.68115165792 0.0
4146 2.56152684075 0.0
4147 2.37820023166 0.0
4148 2.12507495948 0.0
4149 1.92682152786 0.0
4150 1.77965567194 0.0
4151 1.73802875841 0.0
4152 1.6181937043 0.0
4153 1.57530536915 0.0
4154 1.33079981139 0.0
4155 1.28622958074 0.0
4156 1.17312210862 0.0
4157 1.12602903472 0.0
4158 1.12140382211 0.0
4159 1.14999604554 0.0
4160 0.869750208485 0.0
4161 0.665189668757 0.0
4162 0.693151181381 0.0
4163 0.581515367819 0.0
4164 0.377795775839 0.0
4165 0.479760690298 0.0
4166 0.316827064101 0.0
4167 0.344368102852 0.0
4168 0.428462877663 0.0
4169 0.5064607813 0.0
4170 0.37422174791 0.0
