0 88.887235 0 90 0 0 2.965721 14.64855 0 15.960882 24.637973 0
1 90.037316 0 89.894278 0 0 4.848394 42.387296 0 16.106514 0.020525 0
2 89.392601 0 89.700893 0 0 7.901853 66.933669 0 16.33056 0.032477 0
3 88.712958 0 89.429352 0 0 15.53121 86.378575 0 16.731873 0.042036 0
4 89.100219 0 89.104531 0 0 33.807797 96.530345 0 17.582035 0.047145 0
5 88.941426 0 88.760516 0 0 54.51434 98.531992 0 19.166606 0.048308 0
6 88.985175 0 88.413447 0 0 65.838088 98.845408 0 21.27111 0.048652 0
7 88.103891 0 88.065728 0 0 71.003869 98.941328 0 23.582328 0.048892 0
8 87.731392 0 87.71784 0 0 73.30178 98.978407 0 25.939203 0.049104 0
9 86.851368 0 87.369849 0 0 74.318199 98.993891 0 28.272352 0.049307 0
10 84.705138 0 87.021821 0 0 74.767444 99.000567 0 30.552909 0.049507 0
11 85.377399 0 86.673794 0 0 74.966566 99.003494 0 32.76982 0.049708 0
12 85.994208 0 86.325723 0 0 75.055535 99.004795 0 34.920042 0.049909 0
13 86.673671 0 85.977706 0 0 75.095977 99.005384 0 37.002847 0.050111 0
14 86.590853 0 85.629657 0 0 75.11504 99.005661 0 39.019922 0.050314 0
15 84.940447 0 85.281616 0 0 75.124656 99.0058 0 40.972719 0.05052 0
16 84.52708 0 84.933551 0 0 75.130079 99.005878 0 42.863302 0.050727 0
17 84.502595 0 84.585524 0 0 75.133621 99.005928 0 44.693242 0.050935 0
18 83.824393 0 84.23748 0 0 75.1363 99.005967 0 46.46474 0.051146 0
19 83.469899 0 83.889444 0 0 75.138564 99.005999 0 48.179517 0.051358 0
20 83.114324 0 83.541413 0 0 75.140612 99.006028 0 49.839395 0.051572 0
21 82.798898 0 83.193356 0 0 75.142533 99.006055 0 51.446275 0.051787 0
22 82.888197 0 82.84531 0 0 75.144366 99.006082 0 53.001671 0.052005 0
23 81.823633 0 82.497273 0 0 75.146131 99.006107 0 54.507246 0.052224 0
24 82.310816 0 82.149247 0 0 75.147836 99.006132 0 55.964583 0.052445 0
25 82.128797 0 81.801233 0 0 75.149486 99.006156 0 57.375228 0.052668 0
26 81.462658 0 81.45319 0 0 75.151084 99.006179 0 58.740825 0.052893 0
27 81.299904 0 81.105192 0 0 75.152633 99.006201 0 60.062538 0.05312 0
28 80.799939 0 80.75713 0 0 75.154135 99.006223 0 61.342175 0.053349 0
29 80.399895 0 80.409114 0 0 75.155591 99.006245 0 62.580674 0.05358 0
30 79.126308 0 80.061119 0 0 75.157002 99.006266 0 63.779455 0.053812 0
31 79.582523 0 79.713084 0 0 75.158371 99.006286 0 64.939986 0.054047 0
32 79.439573 0 79.365068 0 0 75.159698 99.006306 0 66.063297 0.054284 0
33 78.956712 0 79.017059 0 0 75.160985 99.006325 0 67.150621 0.054523 0
34 78.427041 0 78.669055 0 0 75.162233 99.006344 0 68.20311 0.054764 0
35 78.556668 0 78.321029 0 0 75.163444 99.006362 0 69.221965 0.055007 0
36 77.172358 0 77.973007 0 0 75.164618 99.00638 0 70.208178 0.055253 0
37 77.295144 0 77.625 0 0 75.165757 99.006397 0 71.16277 0.055501 0
38 78.023216 0 77.277006 0 0 75.166862 99.006414 0 72.08676 0.05575 0
39 77.082699 0 76.928979 0 0 75.167934 99.006431 0 72.98124 0.056002 0
40 76.455628 0 76.580965 0 0 75.168975 99.006447 0 73.847041 0.056257 0
41 76.296654 0 76.232964 0 0 75.169985 99.006463 0 74.685082 0.056513 0
42 76.078269 0 75.884972 0 0 75.170964 99.006478 0 75.496262 0.056772 0
43 75.365679 0 75.53699 0 0 75.171915 99.006493 0 76.281441 0.057034 0
44 75.410329 0 75.188982 0 0 75.172839 99.006508 0 77.041527 0.057298 0
45 75.669943 0 74.840985 0 0 75.173735 99.006522 0 77.777245 0.057564 0
46 75.326971 0 74.492994 0 0 75.174605 99.006536 0 78.489384 0.057833 0
47 75.092202 0 74.14502 0 0 75.175451 99.00655 0 79.17868 0.058104 0
48 73.861104 0 73.797013 0 0 75.176271 99.006564 0 79.84596 0.058378 0
49 72.990621 0 73.449016 0 0 75.177069 99.006577 0 80.491847 0.058654 0
50 72.665653 0 73.101025 0 0 75.177843 99.00659 0 81.117032 0.058933 0
51 72.534045 0 72.753052 0 0 75.178596 99.006602 0 81.722159 0.059215 0
52 71.632056 0 72.405052 0 0 75.179327 99.006615 0 82.307947 0.059499 0
53 71.547979 0 72.057104 0 0 75.180038 99.006627 0 82.874885 0.059787 0
54 71.455619 0 71.709118 0 0 75.180728 99.006639 0 83.423722 0.060077 0
55 71.462641 0 71.361155 0 0 75.1814 99.006651 0 83.954941 0.060369 0
56 70.817925 0 71.013153 0 0 75.182053 99.006662 0 84.469199 0.060665 0
57 69.892351 0 70.665208 0 0 75.182688 99.006673 0 84.966901 0.060964 0
58 70.104796 0 70.317228 0 0 75.183306 99.006684 0 85.448706 0.061265 0
59 69.771366 0 69.969224 0 0 75.183907 99.006695 0 85.915108 0.06157 0
60 68.865236 0 69.621273 0 0 75.184492 99.006706 0 86.366498 0.061877 0
61 68.097375 0 69.273333 0 0 75.185061 99.006716 0 86.803411 0.062188 0
62 68.098995 0 68.925357 0 0 75.185616 99.006727 0 87.226372 0.062502 0
63 68.499579 0 68.577403 0 0 75.186155 99.006737 0 87.635755 0.062818 0
64 68.258689 0 68.229409 0 0 75.186681 99.006747 0 88.032066 0.063139 0
65 68.171911 0 67.881473 0 0 75.187193 99.006757 0 88.415616 0.063462 0
66 67.493348 0 67.53351 0 0 75.187692 99.006767 0 88.786906 0.063789 0
67 67.376144 0 67.185551 0 0 75.188178 99.006776 0 89.146295 0.064119 0
68 67.12283 0 66.837615 0 0 75.188652 99.006786 0 89.494146 0.064452 0
69 66.906965 0 66.489687 0 0 75.189115 99.006795 0 89.830844 0.06479 0
70 66.510342 0 66.141715 0 0 75.189566 99.006804 0 90.156794 0.06513 0
71 66.493238 0 65.793765 0 0 75.190006 99.006814 0 90.47228 0.065475 0
72 66.057007 0 65.445834 0 0 75.190435 99.006823 0 90.777641 0.065822 0
73 65.551101 0 65.097908 0 0 75.190854 99.006832 0 91.073214 0.066174 0
74 65.31057 0 64.749957 0 0 75.191264 99.00684 0 91.359336 0.066529 0
75 64.253389 0 64.402013 0 0 75.191664 99.006849 0 91.636284 0.066888 0
76 63.885932 0 64.054082 0 0 75.192055 99.006858 0 91.904348 0.067251 0
77 64.587719 0 63.706158 0 0 75.192437 99.006867 0 92.163817 0.067619 0
78 64.030142 0 63.35821 0 0 75.192811 99.006875 0 92.414989 0.06799 0
79 63.508212 0 63.010265 0 0 75.193176 99.006884 0 92.658109 0.068365 0
80 63.266062 0 62.662395 0 0 75.193534 99.006892 0 92.893389 0.068744 0
81 62.850174 0 62.31444 0 0 75.193884 99.0069 0 93.121185 0.069128 0
82 62.548071 0 61.96654 0 0 75.194227 99.006909 0 93.341647 0.069516 0
83 62.246328 0 61.618608 0 0 75.194564 99.006917 0 93.555064 0.069908 0
84 62.189256 0 61.270688 0 0 75.194893 99.006925 0 93.761634 0.070305 0
85 61.810096 0 60.922786 0 0 75.195216 99.006933 0 93.961575 0.070706 0
86 61.699373 0 60.574896 0 0 75.195533 99.006941 0 94.155102 0.071111 0
87 61.309231 0 60.226973 0 0 75.195844 99.00695 0 94.342445 0.071522 0
88 60.434788 0 59.879052 0 0 75.196149 99.006958 0 94.523783 0.071937 0
89 60.11126 0 59.531155 0 0 75.196449 99.006966 0 94.699299 0.072357 0
90 59.625338 0 59.183228 0 0 75.196744 99.006974 0 94.869204 0.072782 0
91 59.724539 0 58.835359 0 0 75.197034 99.006982 0 95.033637 0.073212 0
92 58.954878 0 58.487455 0 0 75.197319 99.00699 0 95.192817 0.073648 0
93 58.807967 0 58.139566 0 0 75.197599 99.006998 0 95.346889 0.074088 0
94 58.44051 0 57.79163 0 0 75.197875 99.007006 0 95.496043 0.074534 0
95 58.225905 0 57.443781 0 0 75.198147 99.007014 0 95.640381 0.074985 0
96 57.658426 0 57.09588 0 0 75.198415 99.007022 0 95.780115 0.075441 0
97 57.366584 0 56.748003 0 0 75.19868 99.00703 0 95.915362 0.075903 0
98 57.20041 0 56.400132 0 0 75.198941 99.007038 0 96.046272 0.076371 0
99 56.418506 0 56.052221 0 0 75.199198 99.007046 0 96.173001 0.076845 0
100 56.369895 0 55.704392 0 0 75.199452 99.007054 0 96.29564 0.077324 0
101 56.212362 0 55.356515 0 0 75.199704 99.007062 0 96.414366 0.07781 0
102 55.777571 0 55.008605 0 0 75.199952 99.00707 0 96.529297 0.078302 0
103 55.801156 0 54.660765 0 0 75.200198 99.007078 0 96.640523 0.0788 0
104 54.681321 0 54.312878 0 0 75.200441 99.007086 0 96.748199 0.079304 0
105 54.686903 0 53.965018 0 0 75.200682 99.007094 0 96.852416 0.079815 0
106 54.253372 0 53.617164 0 0 75.200921 99.007103 0 96.953291 0.080332 0
107 54.123204 0 53.269275 0 0 75.201158 99.007111 0 97.050943 0.080856 0
108 54.020223 0 52.921469 0 0 75.201392 99.007119 0 97.145444 0.081387 0
109 53.288009 0 52.573613 0 0 75.201625 99.007127 0 97.236929 0.081925 0
110 53.117513 0 52.225768 0 0 75.201857 99.007136 0 97.325479 0.082471 0
111 52.944137 0 51.877886 0 0 75.202087 99.007144 0 97.411201 0.083023 0
112 52.038907 0 51.530029 0 0 75.202315 99.007153 0 97.494169 0.083583 0
113 51.835825 0.052139 51.182239 0 0 75.202543 99.007161 0 97.574463 0.084151 0
114 51.305613 0.326454 50.968846 0.580714 0 79.582343 99.677813 0 2.264717 0.018996 74.555373
115 51.618519 0.806837 50.93257 1.20889 0 89.320966 99.947923 0 0.237622 0.004513 94.483594
116 51.688914 1.404541 50.9181 1.834689 0 94.729083 99.971912 0 0.163539 0.002831 96.619163
117 51.260244 1.907548 50.908099 2.453954 0 97.245269 99.980075 0 0.12491 0.002105 97.502134
118 51.389871 2.263708 50.900373 3.066679 0 98.41891 99.984427 0 0.100935 0.001683 98.010411
119 51.578731 2.446529 50.894055 3.672903 0 98.980209 99.987152 0 0.084654 0.001405 98.342581
120 51.308314 2.545467 50.888277 3.631657 0 99.245643 99.987484 0 0.085549 0.001411 98.352759
121 51.154562 2.63222 50.882439 3.590854 0 99.357324 99.987362 0 0.086619 0.001427 98.334523
122 51.185888 2.696806 50.876537 3.550486 0 99.402434 99.987228 0 0.087644 0.001443 98.316079
123 51.469628 2.755529 50.87057 3.510547 0 99.419062 99.987089 0 0.088655 0.001459 98.297425
124 51.380869 2.801941 50.864536 3.471035 0 99.423485 99.986947 0 0.089667 0.001475 98.27856
125 51.028355 2.840909 50.858436 3.431946 0 99.422662 99.986802 0 0.090686 0.001491 98.259481
126 51.202272 2.866278 50.852269 3.393275 0 99.419565 99.986656 0 0.091716 0.001508 98.240187
127 51.212174 2.882996 50.846034 3.355016 0 99.415465 99.986508 0 0.092757 0.001525 98.220672
128 51.136918 2.894433 50.839729 3.317166 0 99.410906 99.986357 0 0.093809 0.001542 98.200936
129 50.588343 2.902667 50.833355 3.279721 0 99.406117 99.986206 0 0.094875 0.001559 98.180975
130 51.095329 2.907408 50.82691 3.242677 0 99.401199 99.986052 0 0.095952 0.001577 98.160789
131 50.856239 2.907491 50.820394 3.206028 0 99.396193 99.985897 0 0.097043 0.001595 98.140372
132 50.590503 2.905454 50.813806 3.16977 0 99.391116 99.985739 0 0.098147 0.001612 98.119722
133 51.00477 2.900921 50.807145 3.133901 0 99.385975 99.98558 0 0.099263 0.001631 98.098838
134 51.117654 2.8988 50.80041 3.098414 0 99.380773 99.98542 0 0.100394 0.001649 98.077715
135 51.617259 2.902002 50.7936 3.063307 0 99.375511 99.985257 0 0.101537 0.001667 98.056353
136 51.367906 2.894558 50.786715 3.028577 0 99.370189 99.985092 0 0.102695 0.001686 98.034747
137 51.365386 2.882996 50.779754 2.994217 0 99.364806 99.984926 0 0.103866 0.001705 98.012893
138 51.1452 2.870312 50.772715 2.960223 0 99.359361 99.984758 0 0.105051 0.001724 97.99079
139 51.110813 2.848852 50.765598 2.926591 0 99.353853 99.984587 0 0.106251 0.001744 97.968433
140 50.917632 2.823151 50.758403 2.893324 0 99.348284 99.984415 0 0.107465 0.001763 97.945824
141 50.808169 2.808512 50.751127 2.860407 0 99.34265 99.984241 0 0.108694 0.001783 97.922953
142 50.470778 2.792625 50.74377 2.827845 0 99.336952 99.984065 0 0.109937 0.001803 97.899821
143 50.649736 2.774327 50.736333 2.795632 0 99.331189 99.983886 0 0.111196 0.001824 97.876426
144 50.401644 2.756693 50.728812 2.763761 0 99.32536 99.983706 0 0.11247 0.001844 97.852761
145 50.48032 2.740141 50.721207 2.732232 0 99.319463 99.983523 0 0.113759 0.001865 97.828824
146 51.307414 2.725086 50.713518 2.701038 0 99.3135 99.983339 0 0.115064 0.001886 97.804612
147 51.741845 2.71419 50.705743 2.670179 0 99.307467 99.983152 0 0.116385 0.001907 97.780123
148 51.654166 2.698345 50.697882 2.63965 0 99.301366 99.982963 0 0.117721 0.001929 97.755352
149 51.366646 2.681045 50.689934 2.609447 0 99.295195 99.982772 0 0.119074 0.001951 97.730296
150 51.324517 2.662787 50.681897 2.579567 0 99.288952 99.982579 0 0.120444 0.001973 97.704952
151 51.276087 2.642576 50.67377 2.550008 0 99.282638 99.982383 0 0.12183 0.001995 97.679316
152 50.873883 2.623154 50.665553 2.520763 0 99.276251 99.982186 0 0.123234 0.002018 97.653384
153 50.28876 2.606935 50.657244 2.491832 0 99.269791 99.981985 0 0.124654 0.002041 97.627154
154 50.469518 2.591838 50.648842 2.46321 0 99.263256 99.981783 0 0.126092 0.002064 97.60062
155 50.310725 2.576658 50.640347 2.434892 0 99.256645 99.981578 0 0.127547 0.002087 97.573779
156 50.658378 2.556488 50.631756 2.406878 0 99.249959 99.981371 0 0.129021 0.002111 97.546628
157 51.199211 2.533324 50.623071 2.379165 0 99.243195 99.981161 0 0.130512 0.002135 97.519165
158 51.246021 2.507913 50.614288 2.351748 0 99.236353 99.980949 0 0.132022 0.002159 97.491382
159 50.785844 2.488242 50.605406 2.324623 0 99.229431 99.980735 0 0.133551 0.002184 97.463277
160 51.28977 2.471773 50.596425 2.297787 0 99.22243 99.980517 0 0.135098 0.002208 97.434846
161 50.815551 2.455055 50.587344 2.271241 0 99.215347 99.980298 0 0.136665 0.002234 97.406087
162 50.882525 2.442828 50.578161 2.244976 0 99.208182 99.980076 0 0.138251 0.002259 97.376991
163 50.596085 2.438545 50.568875 2.218992 0 99.200934 99.979851 0 0.139856 0.002285 97.347557
164 51.031416 2.427108 50.559486 2.193288 0 99.193602 99.979623 0 0.141482 0.002311 97.317783
165 50.658018 2.401531 50.549992 2.167858 0 99.186185 99.979393 0 0.143128 0.002337 97.287662
166 50.846877 2.36589 50.54039 2.1427 0 99.178681 99.97916 0 0.144794 0.002364 97.257188
167 50.558817 2.340563 50.530682 2.117812 0 99.17109 99.978924 0 0.146482 0.002391 97.226362
168 50.610308 2.319935 50.520863 2.093187 0 99.16341 99.978686 0 0.14819 0.002418 97.195172
169 50.931315 2.300847 50.510935 2.068828 0 99.155641 99.978445 0 0.14992 0.002446 97.16362
170 50.777203 2.286457 50.500896 2.04473 0 99.147782 99.978201 0 0.151671 0.002474 97.131699
171 50.748937 2.276393 50.490744 2.020888 0 99.13983 99.977954 0 0.153445 0.002502 97.099403
172 50.731293 2.263209 50.480478 1.997303 0 99.131786 99.977704 0 0.15524 0.002531 97.066733
173 50.508226 2.248113 50.470096 1.973968 0 99.123647 99.977451 0 0.157059 0.00256 97.033676
174 51.070484 2.229897 50.459597 1.950883 0 99.115412 99.977195 0 0.158901 0.002589 97.000231
175 50.228267 2.20744 50.448981 1.928047 0 99.107082 99.976936 0 0.160765 0.002619 96.966395
176 50.661438 2.184733 50.438244 1.905452 0 99.098653 99.976674 0 0.162654 0.002649 96.932158
177 50.030046 2.164355 50.427387 1.883101 0 99.090126 99.976409 0 0.164566 0.002679 96.897521
178 50.800067 2.143311 50.416407 1.860989 0 99.081498 99.97614 0 0.166503 0.00271 96.862477
179 50.86146 2.126759 50.405303 1.839113 0 99.072769 99.975869 0 0.168464 0.002741 96.827017
180 50.636053 2.108876 50.394075 1.817471 0 99.063937 99.975594 0 0.170451 0.002773 96.79114
181 50.697806 2.091659 50.382719 1.796061 0 99.055001 99.975316 0 0.172462 0.002805 96.75484
182 50.439092 2.078434 50.371235 1.774879 0 99.045959 99.975034 0 0.1745 0.002837 96.718108
183 50.552876 2.061674 50.359622 1.753926 0 99.036811 99.97475 0 0.176564 0.00287 96.680946
184 50.863081 2.04691 50.347877 1.733195 0 99.027554 99.974461 0 0.178654 0.002903 96.64334
185 50.857499 2.030025 50.335999 1.712686 0 99.018187 99.97417 0 0.180771 0.002937 96.605289
186 49.974234 2.01131 50.323987 1.692397 0 99.00871 99.973874 0 0.182916 0.002971 96.566785
187 49.689955 1.992845 50.311838 1.672325 0 98.99912 99.973576 0 0.185088 0.003005 96.527824
188 49.790956 1.973133 50.299552 1.652467 0 98.989416 99.973273 0 0.187288 0.00304 96.488399
189 50.09648 1.951632 50.287127 1.632823 0 98.979598 99.972967 0 0.189517 0.003075 96.448508
190 50.266435 1.932959 50.274561 1.613389 0 98.969662 99.972657 0 0.191775 0.003111 96.408139
191 50.38202 1.914452 50.261851 1.594161 0 98.959607 99.972344 0 0.194063 0.003147 96.367284
192 50.459616 1.89582 50.248999 1.575141 0 98.949433 99.972026 0 0.19638 0.003184 96.325946
193 49.625681 1.878728 50.235999 1.556324 0 98.939138 99.971705 0 0.198728 0.003221 96.284112
194 49.992598 1.863881 50.222852 1.537708 0 98.928719 99.97138 0 0.201106 0.003258 96.241778
195 49.917522 1.850656 50.209555 1.519291 0 98.918176 99.971051 0 0.203516 0.003296 96.198934
196 50.19136 1.838096 50.196108 1.501073 0 98.907507 99.970718 0 0.205957 0.003335 96.155579
197 50.448094 1.819881 50.182506 1.483048 0 98.896709 99.970381 0 0.20843 0.003374 96.111701
198 49.868552 1.800251 50.168749 1.465216 0 98.885781 99.970039 0 0.210937 0.003413 96.067291
199 49.848388 1.782036 50.154837 1.447576 0 98.874723 99.969694 0 0.213476 0.003453 96.022353
200 49.918783 1.763362 50.140765 1.430125 0 98.863532 99.969344 0 0.21605 0.003494 95.97687
201 50.388861 1.743442 50.126532 1.41286 0 98.852205 99.96899 0 0.218657 0.003534 95.930836
202 50.210264 1.725351 50.112136 1.395779 0 98.840741 99.968632 0 0.2213 0.003576 95.884245
203 49.823903 1.70934 50.097576 1.378883 0 98.82914 99.968269 0 0.223977 0.003618 95.837095
204 50.029506 1.694368 50.082849 1.362166 0 98.817397 99.967902 0 0.226691 0.00366 95.789366
205 49.805899 1.680935 50.067954 1.345629 0 98.805514 99.96753 0 0.229441 0.003703 95.741063
206 49.732984 1.666795 50.052888 1.32927 0 98.793486 99.967153 0 0.232228 0.003747 95.692173
207 49.869092 1.653279 50.037649 1.313085 0 98.781311 99.966772 0 0.235052 0.003791 95.642686
208 49.52684 1.63656 50.022236 1.297074 0 98.768989 99.966386 0 0.237915 0.003836 95.592597
209 50.066414 1.61926 50.006645 1.281234 0 98.756516 99.965996 0 0.240817 0.003881 95.541895
210 50.134648 1.602167 49.990875 1.265563 0 98.743891 99.9656 0 0.243758 0.003927 95.490573
211 50.028606 1.587778 49.974923 1.250061 0 98.731113 99.9652 0 0.246739 0.003974 95.438624
212 49.962532 1.576549 49.95879 1.234725 0 98.718179 99.964794 0 0.249761 0.004021 95.386042
213 49.95317 1.564031 49.942468 1.219552 0 98.705085 99.964384 0 0.252825 0.004068 95.332808
214 50.036887 1.549808 49.92596 1.204544 0 98.691832 99.963968 0 0.25593 0.004117 95.278927
215 49.983956 1.533339 49.909261 1.189695 0 98.678416 99.963547 0 0.259078 0.004166 95.224379
216 49.707958 1.517411 49.89237 1.175006 0 98.664835 99.963121 0 0.26227 0.004215 95.169159
217 49.739825 1.500859 49.875283 1.160474 0 98.651087 99.962689 0 0.265506 0.004265 95.113258
218 49.604617 1.48755 49.857997 1.146097 0 98.637168 99.962252 0 0.268786 0.004316 95.056662
219 49.375789 1.471913 49.840513 1.131875 0 98.623078 99.96181 0 0.272113 0.004368 94.999369
220 49.366427 1.458106 49.822827 1.117806 0 98.608815 99.961361 0 0.275486 0.00442 94.941367
221 49.177567 1.44093 49.804934 1.103886 0 98.594374 99.960907 0 0.278906 0.004473 94.88264
222 49.871973 1.425792 49.786835 1.090117 0 98.579754 99.960448 0 0.282374 0.004526 94.823187
223 49.00149 1.411652 49.768525 1.076495 0 98.564953 99.959982 0 0.28589 0.004581 94.762993
224 49.061623 1.398136 49.750004 1.06302 0 98.549968 99.959511 0 0.289457 0.004636 94.702048
225 49.14354 1.38541 49.731267 1.049689 0 98.534797 99.959033 0 0.293073 0.004691 94.640344
226 49.14192 1.372518 49.71231 1.0365 0 98.519435 99.95855 0 0.296742 0.004748 94.577859
227 49.542324 1.36 49.693134 1.023453 0 98.503882 99.95806 0 0.300462 0.004805 94.514597
228 49.349683 1.347898 49.673735 1.010547 0 98.488134 99.957564 0 0.304236 0.004863 94.450542
229 49.766831 1.335796 49.654109 0.997778 0 98.472188 99.957061 0 0.308063 0.004922 94.385679
230 49.711559 1.321947 49.634253 0.985146 0 98.456042 99.956552 0 0.311946 0.004981 94.319994
231 49.408916 1.30868 49.614165 0.97265 0 98.439692 99.956037 0 0.315884 0.005041 94.253483
232 49.57419 1.296037 49.593842 0.960288 0 98.423137 99.955514 0 0.31988 0.005103 94.186131
233 49.180988 1.281191 49.573283 0.94806 0 98.406373 99.954985 0 0.323933 0.005165 94.117929
234 48.982226 1.267051 49.552482 0.935962 0 98.389397 99.954449 0 0.328045 0.005227 94.048861
235 49.091689 1.252869 49.531437 0.923995 0 98.372207 99.953906 0 0.332217 0.005291 93.978917
236 49.470309 1.239727 49.510143 0.912154 0 98.354795 99.953356 0 0.33645 0.005355 93.908071
237 49.305394 1.227417 49.488599 0.900442 0 98.337164 99.952799 0 0.340746 0.005421 93.836327
238 49.452665 1.214525 49.466805 0.888857 0 98.31931 99.952234 0 0.345104 0.005487 93.763674
239 49.272807 1.200801 49.44475 0.877394 0 98.301225 99.951662 0 0.349527 0.005554 93.690078
240 49.355624 1.186702 49.422436 0.866055 0 98.282909 99.951083 0 0.354016 0.005622 93.615539
241 49.511897 1.174143 49.39986 0.854838 0 98.26436 99.950495 0 0.358572 0.005691 93.540046
242 49.646565 1.162082 49.377015 0.843741 0 98.245571 99.9499 0 0.363195 0.005761 93.463575
243 49.61956 1.148358 49.353903 0.832764 0 98.226543 99.949297 0 0.367888 0.005832 93.386127
244 48.852599 1.136963 49.330517 0.821906 0 98.207269 99.948686 0 0.372651 0.005904 93.307677
245 48.914352 1.123738 49.306852 0.811163 0 98.187745 99.948067 0 0.377486 0.005977 93.228203
246 49.304134 1.108725 49.282904 0.800535 0 98.167967 99.94744 0 0.382395 0.006051 93.14769
247 48.969804 1.097662 49.258674 0.790022 0 98.147933 99.946804 0 0.387378 0.006126 93.066134
248 48.454175 1.085436 49.234159 0.779624 0 98.127643 99.94616 0 0.392437 0.006202 92.983529
249 48.358935 1.072668 49.209348 0.769335 0 98.107085 99.945507 0 0.397573 0.006279 92.899829
250 48.443913 1.062437 49.184242 0.759158 0 98.086259 99.944845 0 0.402789 0.006357 92.815036
251 49.018234 1.050377 49.158836 0.74909 0 98.06516 99.944174 0 0.408085 0.006437 92.729126
252 48.990328 1.040313 49.133127 0.739131 0 98.043786 99.943494 0 0.413463 0.006517 92.642091
253 48.90625 1.029749 49.107111 0.729279 0 98.022131 99.942805 0 0.418924 0.006599 92.553908
254 48.784365 1.017148 49.080783 0.719533 0 98.000191 99.942106 0 0.424471 0.006681 92.464559
255 48.813891 1.007167 49.05414 0.709893 0 97.977963 99.941398 0 0.430104 0.006765 92.37403
256 48.840536 0.99469 49.027175 0.700355 0 97.955438 99.94068 0 0.435827 0.00685 92.282289
257 48.439232 0.981299 48.999888 0.690921 0 97.932616 99.939953 0 0.44164 0.006936 92.189336
258 48.281699 0.969946 48.97227 0.681588 0 97.909491 99.939215 0 0.447545 0.007024 92.095137
259 48.52583 0.958883 48.94432 0.672355 0 97.886057 99.938467 0 0.453544 0.007113 91.999679
260 48.519529 0.946864 48.916034 0.663223 0 97.862311 99.937708 0 0.459639 0.007203 91.902945
261 49.011392 0.935594 48.887406 0.654189 0 97.838249 99.93694 0 0.465831 0.007294 91.804912
262 48.766361 0.923575 48.858429 0.645251 0 97.813861 99.93616 0 0.472124 0.007387 91.705549
263 48.413487 0.910142 48.829103 0.636411 0 97.789147 99.935369 0 0.478519 0.007481 91.604854
264 48.420688 0.899786 48.799421 0.627666 0 97.7641 99.934568 0 0.485018 0.007577 91.502792
265 48.646096 0.890013 48.769382 0.619017 0 97.738717 99.933755 0 0.491622 0.007673 91.399358
266 48.168816 0.882028 48.738973 0.610459 0 97.712987 99.93293 0 0.498335 0.007772 91.294501
267 48.577321 0.873919 48.708194 0.601995 0 97.686909 99.932094 0 0.505159 0.007872 91.188218
268 48.541314 0.864811 48.677041 0.593621 0 97.660476 99.931246 0 0.512096 0.007973 91.080483
269 48.385041 0.855662 48.645505 0.585338 0 97.633681 99.930386 0 0.519148 0.008076 90.971264
270 48.106523 0.845306 48.613582 0.577145 0 97.606518 99.929514 0 0.526319 0.00818 90.860539
271 48.110843 0.83362 48.58127 0.56904 0 97.578984 99.928629 0 0.53361 0.008286 90.748296
272 48.122366 0.822474 48.548561 0.561023 0 97.551071 99.927732 0 0.541024 0.008393 90.634498
273 48.172596 0.81137 48.515451 0.553093 0 97.522775 99.926821 0 0.548563 0.008502 90.519127
274 47.971314 0.802096 48.481933 0.545249 0 97.494086 99.925898 0 0.556231 0.008613 90.40215
275 48.122006 0.793612 48.448 0.537489 0 97.464997 99.924961 0 0.56403 0.008725 90.283535
276 48.23957 0.783132 48.413648 0.529813 0 97.435505 99.92401 0 0.571964 0.00884 90.163262
277 47.932246 0.775147 48.37887 0.52222 0 97.405599 99.923045 0 0.580035 0.008956 90.041295
278 47.95205 0.763586 48.343664 0.514711 0 97.375278 99.922066 0 0.588246 0.009073 89.917628
279 47.638604 0.753896 48.30802 0.507282 0 97.34453 99.921073 0 0.5966 0.009193 89.792209
280 47.2364 0.746784 48.271932 0.499934 0 97.313349 99.920065 0 0.605101 0.009314 89.665012
281 47.355405 0.736803 48.235396 0.492666 0 97.281729 99.919043 0 0.613752 0.009437 89.536014
282 46.966884 0.728069 48.198404 0.485476 0 97.24966 99.918005 0 0.622557 0.009563 89.405176
283 46.953921 0.719669 48.160945 0.478364 0 97.217132 99.916951 0 0.63152 0.00969 89.272456
284 46.941138 0.70948 48.123026 0.471331 0 97.184148 99.915882 0 0.640642 0.009819 89.137862
285 47.248823 0.702534 48.084623 0.464373 0 97.150686 99.914796 0 0.64993 0.00995 89.001303
286 47.6197 0.692054 48.045739 0.457491 0 97.116745 99.913695 0 0.659386 0.010084 88.862782
287 47.75977 0.682447 48.006371 0.450685 0 97.08232 99.912576 0 0.669014 0.010219 88.722273
288 48.266576 0.673173 47.966498 0.443951 0 97.04739 99.911441 0 0.67882 0.010357 88.579692
289 48.009122 0.664481 47.926127 0.437291 0 97.011961 99.910288 0 0.688805 0.010497 88.435058
290 47.746447 0.65608 47.885245 0.430705 0 96.976016 99.909117 0 0.698977 0.010639 88.288306
291 47.324078 0.646058 47.843839 0.424189 0 96.939542 99.907929 0 0.709339 0.010783 88.139382
292 47.211195 0.637948 47.801913 0.417745 0 96.902541 99.906722 0 0.719894 0.01093 87.98829
293 47.700897 0.630171 47.759449 0.411371 0 96.864993 99.905496 0 0.73065 0.011079 87.834949
294 46.793867 0.620689 47.716445 0.405067 0 96.826892 99.904252 0 0.741609 0.011231 87.679339
295 46.724013 0.612704 47.672893 0.398832 0 96.788231 99.902987 0 0.752778 0.011385 87.521425
296 47.199132 0.604428 47.628781 0.392665 0 96.748993 99.901703 0 0.764162 0.011542 87.36114
297 46.632913 0.59636 47.584099 0.386564 0 96.709169 99.900399 0 0.775768 0.011701 87.198441
298 46.748318 0.589955 47.538847 0.380532 0 96.668754 99.899074 0 0.787598 0.011863 87.033313
299 47.47261 0.582594 47.493007 0.374565 0 96.627729 99.897728 0 0.799661 0.012028 86.865675
300 47.38151 0.574402 47.446576 0.368663 0 96.586087 99.89636 0 0.811963 0.012196 86.695498
301 47.078867 0.567831 47.399549 0.362827 0 96.54382 99.89497 0 0.824507 0.012366 86.522752
302 47.020535 0.559471 47.351904 0.357054 0 96.500905 99.893558 0 0.837304 0.012539 86.347337
303 46.76164 0.553815 47.303645 0.351346 0 96.457343 99.892123 0 0.850357 0.012716 86.169256
304 47.072566 0.546496 47.254752 0.345699 0 96.41311 99.890665 0 0.863677 0.012895 85.988411
305 46.899009 0.538428 47.205219 0.340115 0 96.368197 99.889183 0 0.877268 0.013078 85.804768
306 46.71285 0.532813 47.155047 0.334593 0 96.322601 99.887677 0 0.891136 0.013263 85.618312
307 46.970664 0.524745 47.1042 0.329131 0 96.276285 99.886145 0 0.905295 0.013452 85.428887
308 46.619231 0.517218 47.052696 0.32373 0 96.229261 99.884588 0 0.919746 0.013645 85.236543
309 46.312266 0.509441 47.000507 0.318388 0 96.181497 99.883005 0 0.934502 0.01384 85.041155
310 46.42695 0.50208 46.947629 0.313105 0 96.132988 99.881396 0 0.949569 0.014039 84.84269
311 46.528131 0.494303 46.894055 0.307882 0 96.083721 99.87976 0 0.964956 0.014242 84.641099
312 46.179218 0.486692 46.839763 0.302715 0 96.033669 99.878096 0 0.980675 0.014449 84.436271
313 46.651457 0.479622 46.784743 0.297606 0 95.98282 99.876403 0 0.996734 0.014659 84.228157
314 46.385182 0.47301 46.728993 0.292554 0 95.931165 99.874682 0 1.013143 0.014873 84.016714
315 45.985138 0.465274 46.672491 0.287558 0 95.878679 99.872931 0 1.029912 0.015091 83.801844
316 45.576092 0.458412 46.615236 0.282618 0 95.825356 99.87115 0 1.047051 0.015312 83.583516
317 46.156894 0.451176 46.557205 0.277732 0 95.771167 99.869337 0 1.064573 0.015538 83.361613
318 46.240971 0.444938 46.498397 0.272902 0 95.716107 99.867494 0 1.082487 0.015769 83.13611
319 46.004942 0.438409 46.438778 0.268125 0 95.660135 99.865617 0 1.100811 0.016003 82.906845
320 45.794118 0.430923 46.378369 0.263402 0 95.603266 99.863708 0 1.119548 0.016242 82.673868
321 46.079657 0.425683 46.317122 0.258732 0 95.545449 99.861765 0 1.138721 0.016486 82.436972
322 46.23323 0.419985 46.255034 0.254114 0 95.486673 99.859787 0 1.15834 0.016734 82.196114
323 45.66287 0.412499 46.192105 0.249548 0 95.42693 99.857774 0 1.178415 0.016987 81.951257
324 45.70914 0.40701 46.128308 0.245033 0 95.366187 99.855724 0 1.198965 0.017245 81.702264
325 45.941929 0.401354 46.063629 0.24057 0 95.304424 99.853637 0 1.220006 0.017507 81.449054
326 45.782595 0.395531 45.998051 0.236156 0 95.241618 99.851512 0 1.241553 0.017775 81.191523
327 45.059383 0.389168 45.931574 0.231794 0 95.177759 99.849348 0 1.263619 0.018049 80.929633
328 45.369228 0.382556 45.864158 0.227479 0 95.1128 99.847143 0 1.28623 0.018327 80.663189
329 45.28083 0.377524 45.795808 0.223215 0 95.046737 99.844898 0 1.309396 0.018611 80.392176
330 45.366168 0.374654 45.726498 0.218998 0 94.979538 99.842611 0 1.33314 0.018901 80.116452
331 45.576092 0.369248 45.656212 0.21483 0 94.911176 99.840281 0 1.357481 0.019197 79.835911
332 45.695097 0.36355 45.584947 0.21071 0 94.841639 99.837906 0 1.382435 0.019499 79.5505
333 45.28209 0.357104 45.512655 0.206636 0 94.770871 99.835486 0 1.408036 0.019807 79.259983
334 45.015094 0.351198 45.439348 0.20261 0 94.698873 99.833021 0 1.434293 0.020121 78.964364
335 44.723613 0.346624 45.364991 0.19863 0 94.625599 99.830507 0 1.461239 0.020442 78.663455
336 44.962343 0.341051 45.289581 0.194696 0 94.551037 99.827944 0 1.488891 0.020769 78.357195
337 45.498496 0.335603 45.213073 0.190807 0 94.47513 99.825332 0 1.517285 0.021103 78.045358
338 44.885107 0.330238 45.13547 0.186963 0 94.397869 99.822667 0 1.546441 0.021445 77.727897
339 44.505947 0.324457 45.056742 0.183164 0 94.319212 99.81995 0 1.57639 0.021793 77.404638
340 44.313667 0.321047 44.97688 0.17941 0 94.23914 99.81718 0 1.607157 0.022149 77.075499
341 45.266247 0.31535 44.895849 0.175699 0 94.157602 99.814353 0 1.63878 0.022513 76.740267
342 45.033998 0.310109 44.813642 0.172032 0 94.07458 99.811469 0 1.671286 0.022885 76.398864
343 44.865303 0.305535 44.730222 0.168408 0 93.990021 99.808527 0 1.704715 0.023265 76.051074
344 44.987728 0.299463 44.645561 0.164826 0 93.903884 99.805523 0 1.739107 0.023653 75.696716
345 44.493525 0.29547 44.559659 0.161287 0 93.816152 99.802459 0 1.774489 0.02405 75.335725
346 43.961333 0.291312 44.472485 0.157791 0 93.726782 99.79933 0 1.810904 0.024456 74.967912
347 44.054953 0.285365 44.384 0.154336 0 93.635716 99.796136 0 1.848402 0.024871 74.593039
348 44.354896 0.281039 44.294193 0.150922 0 93.542927 99.792874 0 1.887021 0.025295 74.210988
349 44.308986 0.276049 44.203043 0.14755 0 93.448376 99.789544 0 1.926806 0.025729 73.821599
350 44.051892 0.271765 44.110519 0.144218 0 93.352015 99.786142 0 1.967808 0.026173 73.424664
351 43.988699 0.267149 44.016593 0.140927 0 93.253797 99.782668 0 2.010079 0.026627 73.019988
352 43.885357 0.260703 43.921216 0.137675 0 93.153653 99.779117 0 2.053684 0.027092 72.607279
353 43.600357 0.257126 43.824403 0.134464 0 93.051579 99.775489 0 2.098662 0.027568 72.186516
354 43.623582 0.252344 43.726096 0.131292 0 92.947495 99.771781 0 2.145087 0.028056 71.757369
355 43.387013 0.24727 43.626273 0.12816 0 92.841359 99.767992 0 2.193019 0.028555 71.319654
356 43.387013 0.243901 43.524892 0.125066 0 92.733104 99.764117 0 2.242534 0.029066 70.873094
357 43.031978 0.239493 43.421947 0.122011 0 92.622704 99.760155 0 2.293691 0.029589 70.417568
358 42.689546 0.236623 43.317382 0.118995 0 92.510077 99.756103 0 2.346578 0.030125 69.952741
359 43.016495 0.232964 43.211182 0.116017 0 92.395185 99.751959 0 2.401267 0.030675 69.478445
360 43.129919 0.227557 43.103314 0.113077 0 92.277969 99.747721 0 2.457845 0.031238 68.994432
361 42.65732 0.223773 42.99372 0.110174 0 92.158344 99.743383 0 2.516413 0.031815 68.500344
362 42.769303 0.218948 42.882402 0.107309 0 92.036286 99.738945 0 2.57705 0.032407 67.996077
363 42.489885 0.214956 42.76928 0.104481 0 91.911685 99.734402 0 2.63988 0.033014 67.481171
364 42.742298 0.212918 42.654338 0.10169 0 91.784498 99.729751 0 2.705002 0.033637 66.955435
365 42.839338 0.208718 42.537554 0.098937 0 91.654675 99.72499 0 2.772522 0.034275 66.418662
366 42.66074 0.205807 42.418864 0.09622 0 91.522118 99.720114 0 2.842578 0.034931 65.870439
367 42.585125 0.202022 42.298247 0.093539 0 91.386778 99.71512 0 2.915289 0.035603 65.310556
368 42.51779 0.198238 42.175665 0.090896 0 91.248586 99.710006 0 2.990793 0.036293 64.73872
369 42.735816 0.195742 42.051041 0.088288 0 91.107428 99.704765 0 3.069261 0.037002 64.154451
370 42.540475 0.19175 41.924353 0.085716 0 90.96325 99.699395 0 3.150837 0.03773 63.557523
371 42.243053 0.188548 41.795558 0.08318 0 90.815977 99.693891 0 3.235691 0.038477 62.947614
372 42.057254 0.186011 41.664628 0.08068 0 90.665548 99.68825 0 3.323993 0.039245 62.324467
373 41.663151 0.18181 41.531488 0.078216 0 90.511848 99.682466 0 3.415953 0.040034 61.687602
374 41.648568 0.179481 41.396074 0.075787 0 90.354778 99.676535 0 3.511791 0.040845 61.036598
375 41.775135 0.175697 41.258373 0.073394 0 90.194293 99.670453 0 3.611703 0.041679 60.371263
376 42.146913 0.172453 41.11836 0.071037 0 90.030337 99.664217 0 3.715906 0.042536 59.691361
377 41.460069 0.170706 40.975908 0.068715 0 89.862734 99.657817 0 3.824711 0.043417 58.99616
378 41.291913 0.166506 40.831021 0.066428 0 89.691464 99.651253 0 3.938347 0.044323 58.285567
379 40.854062 0.163886 40.683618 0.064177 0 89.516404 99.644517 0 4.057126 0.045255 57.559073
380 40.907173 0.161266 40.533652 0.061961 0 89.337476 99.637605 0 4.181356 0.046215 56.816353
381 40.596428 0.158895 40.381073 0.059781 0 89.154599 99.630511 0 4.311366 0.047202 56.05706
382 40.32313 0.155735 40.22581 0.057637 0 88.967666 99.62323 0 4.447529 0.048217 55.28076
383 40.128509 0.151576 40.067835 0.055528 0 88.776624 99.615756 0 4.590206 0.049263 54.487233
384 40.070717 0.149039 39.90704 0.053454 0 88.58133 99.608083 0 4.739856 0.050339 53.675884
385 39.630165 0.145213 39.743387 0.051417 0 88.381725 99.600206 0 4.896908 0.051447 52.846476
386 39.614862 0.142551 39.576816 0.049415 0 88.177726 99.592119 0 5.061841 0.052588 51.998676
387 39.929388 0.141096 39.407237 0.047449 0 87.969222 99.583815 0 5.235201 0.053764 51.132028
388 39.451747 0.136854 39.234633 0.045519 0 87.756192 99.575291 0 5.417497 0.054974 50.246466
389 39.135241 0.134649 39.058867 0.043625 0 87.538476 99.566538 0 5.609409 0.056221 49.341337
390 39.70362 0.1297 38.879954 0.041769 0 87.316106 99.557553 0 5.811494 0.057505 48.416799
391 39.22454 0.127039 38.697818 0.039949 0 87.089014 99.548332 0 6.024452 0.058827 47.472597
392 39.002733 0.124336 38.512285 0.038166 0 86.857011 99.538864 0 6.249162 0.060191 46.507984
393 38.914695 0.120925 38.323413 0.03642 0 86.620218 99.52915 0 6.486273 0.061594 45.523494
394 38.459739 0.118139 38.131069 0.034713 0 86.378519 99.519183 0 6.736731 0.06304 44.518699
395 38.088322 0.113939 37.935164 0.033043 0 86.131872 99.508957 0 7.001492 0.064529 43.493481
396 38.024048 0.110903 37.735719 0.031411 0 85.88039 99.498474 0 7.281428 0.066063 42.448366
397 38.182481 0.107742 37.532544 0.029818 0 85.623932 99.487725 0 7.577778 0.067643 41.382851
398 37.586196 0.105371 37.325663 0.028265 0 85.362649 99.476713 0 7.891549 0.069269 40.29765
399 37.865975 0.102835 37.114982 0.026751 0 85.096567 99.465435 0 8.223998 0.070942 39.192962
400 37.566932 0.098925 36.900424 0.025278 0 84.825754 99.453891 0 8.57644 0.072664 38.069182
401 37.191193 0.09618 36.681969 0.023845 0 84.550376 99.442085 0 8.950179 0.074435 36.927134
402 36.805012 0.091855 36.45946 0.022453 0 84.27046 99.430014 0 9.346836 0.076257 35.767066
403 36.630196 0.088819 36.232896 0.021103 0 83.986257 99.417687 0 9.767862 0.078129 34.590173
404 36.337094 0.086199 36.002298 0.019795 0 83.698082 99.405114 0 10.21472 0.080052 33.397946
405 35.826687 0.082456 35.7675 0.01853 0 83.406053 99.392297 0 10.689323 0.082025 32.191063
406 35.760613 0.080834 35.528473 0.017309 0 83.110502 99.37925 0 11.193405 0.084051 30.97111
407 35.544748 0.077216 35.285173 0.016131 0 82.811787 99.365985 0 11.728794 0.086126 29.739795
408 35.433485 0.073848 35.037642 0.014998 0 82.510414 99.352525 0 12.297182 0.088252 28.499459
409 35.194035 0.070354 34.785849 0.01391 0 82.206845 99.338887 0 12.900455 0.090427 27.252274
410 34.868166 0.066195 34.529621 0.012867 0 81.901427 99.325088 0 13.540892 0.092652 25.999939
411 34.447598 0.063617 34.269189 0.01187 0 81.595035 99.311167 0 14.219761 0.094921 24.746352
412 34.141894 0.059541 34.004304 0.010919 0 81.288029 99.297141 0 14.939547 0.097238 23.493279
413 33.876698 0.056381 33.735201 0.010016 0 80.981382 99.283057 0 15.701388 0.099595 22.245003
414 33.688559 0.052513 33.46177 0.009158 0 80.675711 99.268944 0 16.507276 0.101993 21.004346
415 33.556411 0.049228 33.184033 0.008348 0 80.371833 99.254844 0 17.358719 0.104429 19.77492
416 33.338025 0.046067 32.902083 0.007584 0 80.070673 99.240803 0 18.256846 0.106899 18.560749
417 33.110098 0.042282 32.61604 0.006867 0 79.773213 99.226871 0 19.20244 0.109399 17.366045
418 32.346377 0.039787 32.325933 0.006195 0 79.48035 99.213096 0 20.19633 0.111926 16.194626
419 31.985762 0.037791 32.031764 0.00557 0 79.19297 99.199526 0 21.239147 0.114475 15.050206
420 31.889622 0.035379 31.73376 0.004989 0 78.912173 99.186218 0 22.33038 0.117043 13.937274
421 31.620465 0.03305 31.431946 0.004452 0 78.638838 99.173221 0 23.469839 0.119626 12.859367
422 31.40676 0.030762 31.126573 0.003958 0 78.374013 99.160591 0 24.656072 0.122218 11.820573
423 31.199537 0.028517 30.817671 0.003505 0 78.118492 99.148374 0 25.888013 0.124817 10.823897
424 30.826499 0.027103 30.505383 0.003092 0 77.873101 99.136616 0 27.163734 0.127419 9.872351
425 30.566704 0.025398 30.190034 0.002717 0 77.638709 99.125365 0 28.480069 0.130019 8.969015
426 29.997965 0.024399 29.871558 0.002378 0 77.415789 99.11465 0 29.835048 0.132616 8.115323
427 29.667055 0.022694 29.550311 0.002073 0 77.205004 99.104508 0 31.22451 0.135207 7.313352
428 29.44813 0.02128 29.226452 0.001801 0 77.006741 99.094963 0 32.644763 0.13779 6.564024
429 29.229564 0.020657 28.900039 0.001558 0 76.821202 99.086028 0 34.092233 0.140365 5.867496
430 28.512833 0.019866 28.571345 0.001343 0 76.648579 99.077715 0 35.562161 0.142931 5.22383
431 28.11279 0.019243 28.240627 0.001154 0 76.488905 99.070029 0 37.049649 0.145488 4.632456
432 27.647032 0.018827 27.907933 9.88E-004 0 76.341981 99.062961 0 38.550642 0.14804 4.091911
433 27.415323 0.017205 27.57345 8.43E-004 0 76.207558 99.056501 0 40.060414 0.150586 3.600563
434 26.981612 0.016248 27.237396 7.17E-004 0 76.085281 99.05063 0 41.574136 0.15313 3.15641
435 26.97099 0.015666 26.899951 6.08E-004 0 75.97468 99.045326 0 43.08725 0.155674 2.757062
436 27.184695 0.014668 26.561208 5.13E-004 0 75.875176 99.040561 0 44.595756 0.158224 2.399785
437 26.889433 0.014668 26.22134 4.33E-004 0 75.786155 99.036303 0 46.095492 0.160783 2.081776
438 26.375965 0.01342 25.88034 3.64E-004 0 75.70691 99.032518 0 47.583346 0.163357 1.799977
439 25.769598 0.013462 25.538648 3.05E-004 0 75.636808 99.029174 0 49.054536 0.165949 1.551654
440 25.381437 0.012963 25.196031 2.55E-004 0 75.575054 99.026231 0 50.507502 0.168567 1.333582
441 24.984814 0.012048 24.852801 2.13E-004 0 75.52097 99.023656 0 51.938645 0.171214 1.143009
442 24.620417 0.012422 24.508946 1.77E-004 0 75.47383 99.021412 0 53.346047 0.173896 0.977091
443 24.49259 0.011216 24.164487 1.47E-004 0 75.432943 99.019467 0 54.727948 0.176622 0.833168
444 23.928532 0.011299 23.819682 1.22E-004 0 75.397678 99.017789 0 56.081938 0.179394 0.708841
445 23.737512 0.011216 23.474545 1.01E-004 0 75.36741 99.016348 0 57.406873 0.182218 0.60179
446 23.267433 0.009844 23.128881 8.39E-005 0 75.341548 99.015115 0 58.702633 0.185104 0.509842
447 22.839844 0.010551 22.783141 6.93E-005 0 75.319593 99.014066 0 59.966918 0.188053 0.431194
448 22.318814 0.009968 22.43708 5.72E-005 0 75.301042 99.013177 0 61.200226 0.191073 0.364051
449 22.124374 0.010301 22.090881 4.71E-005 0 75.285469 99.012427 0 62.401688 0.194171 0.306902
450 21.706326 0.010759 21.744422 3.88E-005 0 75.272474 99.011799 0 63.571676 0.197352 0.258354
451 21.1041 0.010509 21.397884 3.19E-005 0 75.261714 99.011274 0 64.709672 0.200623 0.217221
452 20.896336 0.010176 21.051129 2.63E-005 0 75.252876 99.01084 0 65.816341 0.20399 0.182425
453 20.323276 0.008388 20.704485 2.16E-005 0 75.245695 99.010483 0 66.890979 0.207458 0.15307
454 19.845996 0.009012 20.357526 1.77E-005 0 75.239925 99.010192 0 67.935326 0.211037 0.128314
455 19.891905 0.007432 20.010688 1.45E-005 0 75.235366 99.009958 0 68.948551 0.214731 0.107494
456 19.745895 0.007847 19.66372 1.19E-005 0 75.231836 99.009772 0 69.931954 0.218549 0.089995
457 19.097399 0.007556 19.316748 9.79E-006 0 75.229182 99.009627 0 70.885775 0.222498 0.07531
458 18.871632 0.006974 18.969604 8.03E-006 0 75.227271 99.009518 0 71.811101 0.226588 0.062993
459 18.468887 0.007348 18.622517 6.59E-006 0 75.225991 99.009438 0 72.707976 0.230825 0.052679
460 17.993767 0.006517 18.27549 5.40E-006 0 75.225248 99.009383 0 73.577106 0.235217 0.04405
461 17.990347 0.006683 17.928478 4.43E-006 0 75.224959 99.009351 0 74.41931 0.239777 0.036833
462 17.418907 0.006433 17.581383 3.64E-006 0 75.225057 99.009337 0 75.235532 0.244513 0.030799
463 16.927944 0.006101 17.234324 2.98E-006 0 75.225484 99.00934 0 76.026196 0.249437 0.025758
464 16.973854 0.006433 16.887124 2.45E-006 0 75.226194 99.009357 0 76.792402 0.254563 0.021546
465 16.579391 0.006142 16.54001 2.01E-006 0 75.227146 99.009385 0 77.53435 0.2599 0.018031
466 15.996068 0.006433 16.19295 1.65E-006 0 75.228309 99.009425 0 78.252819 0.265464 0.015096
467 15.487822 0.005227 15.845991 1.36E-006 0 75.229655 99.009475 0 78.948414 0.271267 0.012646
468 15.149531 0.005602 15.498895 1.12E-006 0 75.231165 99.009533 0 79.622282 0.277331 0.0106
469 15.067254 0.004687 15.151856 9.19E-007 0 75.232821 99.009599 0 80.2747 0.283671 0.008892
470 14.770912 0.004396 14.804937 7.57E-007 0 75.23461 99.009673 0 80.906211 0.290303 0.007465
471 14.290751 0.005186 14.457918 6.24E-007 0 75.236523 99.009753 0 81.517853 0.297253 0.006273
472 13.99927 0.004437 14.110964 5.15E-007 0 75.238552 99.009841 0 82.109949 0.304543 0.005277
473 13.795287 0.004936 13.763918 4.25E-007 0 75.240695 99.009935 0 82.683364 0.3122 0.004443
474 13.018784 0.003938 13.416947 3.51E-007 0 75.242949 99.010036 0 83.238408 0.320251 0.003746
475 12.938127 0.004271 13.070059 2.90E-007 0 75.245313 99.010143 0 83.775653 0.328725 0.003162
476 12.798238 0.005934 12.723338 2.41E-007 0 75.247789 99.010258 0 84.295538 0.337654 0.002674
477 12.497755 0.00477 12.376426 1.99E-007 0 75.250384 99.010379 0 84.799137 0.347088 0.002263
478 11.828014 0.005352 12.029696 1.65E-007 0 75.253099 99.010508 0 85.286431 0.357058 0.001919
479 11.740156 0.004437 11.6828 1.38E-007 0 75.255946 99.010645 0 85.758419 0.367623 0.00163
480 11.382061 0.004229 11.336045 1.14E-007 0 75.258931 99.010791 0 86.215171 0.378827 0.001387
481 10.829165 0.004479 10.989445 9.53E-008 0 75.262064 99.010946 0 86.657164 0.390729 0.001182
482 10.522741 0.003564 10.642699 7.95E-008 0 75.265362 99.01111 0 87.08525 0.403409 0.00101
483 10.242062 0.00398 10.296115 6.64E-008 0 75.268836 99.011285 0 87.499493 0.416933 0.000865
484 9.75704 0.003065 9.949732 5.56E-008 0 75.272503 99.011473 0 87.900306 0.431386 0.000742
485 9.353936 0.002649 9.603142 4.66E-008 0 75.276388 99.011673 0 88.28858 0.446887 0.000638
486 8.982158 0.002691 9.256816 3.91E-008 0 75.280509 99.011887 0 88.664199 0.463529 0.00055
487 8.379931 0.001984 8.910285 3.29E-008 0 75.284898 99.012118 0 89.028071 0.481471 0.000475
488 8.155064 0.002108 8.563991 2.77E-008 0 75.289583 99.012366 0 89.380116 0.500843 0.000412
489 7.926236 0.0019 8.217541 2.33E-008 0 75.294604 99.012634 0 89.721109 0.521849 0.000358
490 7.397825 0.001859 7.871665 1.97E-008 0 75.299994 99.012925 0 90.050712 0.544657 0.000312
491 7.233451 0.001526 7.525338 1.67E-008 0 75.305819 99.013242 0 90.370257 0.56958 0.000273
492 6.913164 0.001318 7.179215 1.41E-008 0 75.312127 99.013588 0 90.679466 0.596878 0.000239
493 6.795239 0.002108 6.833428 1.20E-008 0 75.318987 99.013967 0 90.978572 0.626894 0.00021
494 6.394655 0.001027 6.487922 1.02E-008 0 75.326483 99.014384 0 91.267966 0.66006 0.000186
495 5.967965 0.001277 6.141884 8.70E-009 0 75.334737 99.014848 0 91.548628 0.69699 0.000165
496 5.207486 0.001401 5.796719 7.42E-009 0 75.34384 99.015363 0 91.819731 0.738188 0.000147
497 4.979918 9.44E-004 5.450824 6.34E-009 0 75.35399 99.015942 0 92.082831 0.784667 0.000131
498 4.785117 9.44E-004 5.10551 5.42E-009 0 75.365344 99.016596 0 92.337208 0.837295 0.000118
499 4.444306 2.78E-004 4.760676 4.64E-009 0 75.378146 99.017339 0 92.583252 0.897402 0.000106
500 4.076309 8.19E-004 4.415734 3.97E-009 0 75.392732 99.018193 0 92.821663 0.96683 0.000097
501 3.761243 0.001401 4.071673 3.40E-009 0 75.409468 99.019183 0 93.05205 1.047674 0.000088
502 3.592187 0.001235 3.726742 2.91E-009 0 75.428992 99.020351 0 93.275845 1.143537 0.000081
503 3.17792 0.001984 3.382931 2.49E-009 0 75.451943 99.02174 0 93.492024 1.258294 0.000074
504 2.535366 0.001235 3.039209 2.12E-009 0 75.47943 99.023426 0 93.701533 1.398613 0.000069
505 1.918556 0.001193 2.695036 1.80E-009 0 75.513042 99.025522 0 93.904959 1.574406 0.000065
506 1.872647 0.002025 2.353692 1.52E-009 0 75.554691 99.028167 0 94.100707 1.798615 0.000061
507 1.88975 0.001443 2.013103 1.27E-009 0 75.608111 99.031639 0 94.290366 2.096496 0.000058
508 1.218389 0.002441 1.671888 1.04E-009 0 75.679615 99.036424 0 94.475064 2.513518 0.000055
509 1.2679 0.001817 1.325299 8.21E-010 0 75.782332 99.043572 0 94.657718 3.149853 0.000053
510 0.692139 0.001318 0.982774 6.18E-010 0 75.93799 99.055026 0 94.834069 4.200577 0.000052
511 0.762534 0.001734 0.644684 4.21E-010 0 76.205296 99.076465 0 95.005521 6.260907 0.000052
512 0.294796 0.001401 0.318809 2.28E-010 0 76.777621 99.130016 0 95.172382 11.856321 0.000051
513 0.398137 0.002316 0.047975 6.08E-011 0 78.895897 99.4014 0 95.336632 45.200106 0.000052
514 0.253927 0.003023 6.60E-005 2.70E-011 0 88.362582 99.992263 0 95.504622 99.757206 0.000052
515 0.223501 0.00581 1.60E-005 2.69E-011 0 95.079242 99.99971 0 95.683846 99.965423 0.000052
516 0.133302 0.008887 1.60E-005 2.68E-011 0 97.916315 99.999722 0 95.863867 99.96548 0.000052
517 -0.035754 0.011923 1.60E-005 2.68E-011 0 99.098144 99.999726 0 96.036382 99.96548 0.000052
518 0.242765 0.017163 1.60E-005 2.68E-011 0 99.604863 99.999727 0 96.202987 99.96548 0.000052
519 0.216659 0.022611 1.60E-005 2.67E-011 0 99.822272 99.999728 0 96.363161 99.96548 0.000051
520 -0.06834 0.028142 1.60E-005 2.67E-011 0 99.916797 99.999728 0 96.519878 99.965481 0.000051
521 0.02942 0.034422 1.60E-005 2.66E-011 0 99.956157 99.999728 0 96.666537 99.965481 0.000051
522 0.055165 0.040494 1.60E-005 2.66E-011 0 99.973221 99.999728 0 96.807423 99.965481 0.000051
523 0.033381 0.04798 1.60E-005 2.65E-011 0 99.980659 99.999728 0 96.942588 99.965481 0.000051
524 -0.060239 0.05505 1.60E-005 2.65E-011 0 99.983942 99.999728 0 97.071351 99.965481 0.000051
525 -0.307431 0.061953 1.60E-005 2.64E-011 0 99.985485 99.999728 0 97.197896 99.965481 0.000051
526 -0.44822 0.068358 1.60E-005 2.64E-011 0 99.986226 99.999728 0 97.316355 99.965481 0.000051
527 -0.415273 0.074971 1.60E-005 2.64E-011 0 99.986639 99.999728 0 97.429836 99.965481 0.000051
528 -0.270163 0.081625 1.60E-005 2.63E-011 0 99.986908 99.999728 0 97.538317 99.965481 0.000051
529 -0.062759 0.086199 1.60E-005 2.63E-011 0 99.98711 99.999728 0 97.642038 99.965481 0.000051
530 -0.008748 0.093186 1.60E-005 2.62E-011 0 99.987281 99.999728 0 97.741443 99.965481 0.000051
531 -0.155119 0.09984 1.60E-005 2.62E-011 0 99.987435 99.999728 0 97.8369 99.965481 0.00005
532 -0.103988 0.106785 1.60E-005 2.61E-011 0 99.987581 99.999728 0 97.930421 99.965482 0.00005
533 0.052285 0.113564 1.60E-005 2.61E-011 0 99.987716 99.999728 0 98.017627 99.965482 0.00005
534 0.02906 0.117973 1.60E-005 2.61E-011 0 99.987845 99.999728 0 98.10143 99.965482 0.00005
535 -0.032333 0.123712 1.60E-005 2.60E-011 0 99.987968 99.999728 0 98.18168 99.965482 0.00005
536 -0.001907 0.129409 1.60E-005 2.60E-011 0 99.988085 99.999728 0 98.258555 99.965482 0.00005
537 -0.296268 0.133527 1.60E-005 2.59E-011 0 99.988197 99.999728 0 98.332044 99.965482 0.00005
538 -0.015229 0.139099 1.60E-005 2.59E-011 0 99.988307 99.999728 0 98.403887 99.965482 0.00005
539 0.016997 0.144256 1.60E-005 2.58E-011 0 99.98841 99.999728 0 98.471334 99.965482 0.00005
540 -0.085624 0.150287 1.60E-005 2.58E-011 0 99.988509 99.999728 0 98.536037 99.965482 0.00005
541 0.081451 0.15536 1.60E-005 2.57E-011 0 99.988603 99.999728 0 98.597671 99.965482 0.00005
542 -0.165381 0.1606 1.60E-005 2.57E-011 0 99.988694 99.999728 0 98.656748 99.965482 0.00005
543 0.048684 0.163927 1.60E-005 2.57E-011 0 99.98878 99.999728 0 98.71352 99.965482 0.000049
544 0.199916 0.16792 1.60E-005 2.56E-011 0 99.988863 99.999728 0 98.767885 99.965483 0.000049
545 0.208918 0.173243 1.60E-005 2.56E-011 0 99.988945 99.999728 0 98.821189 99.965483 0.000049
546 0.425683 0.177236 1.60E-005 2.55E-011 0 99.989021 99.999728 0 98.870837 99.965483 0.000049
547 0.065428 0.182892 1.60E-005 2.55E-011 0 99.989093 99.999728 0 98.918418 99.965483 0.000049
548 0.150946 0.188256 1.60E-005 2.54E-011 0 99.989163 99.999728 0 98.964109 99.965483 0.000049
549 -0.145757 0.193704 1.60E-005 2.54E-011 0 99.98923 99.999728 0 99.007942 99.965483 0.000049
550 -0.060239 0.199984 1.60E-005 2.54E-011 0 99.989295 99.999728 0 99.050617 99.965483 0.000049
551 0.141944 0.204808 1.60E-005 2.53E-011 0 99.989357 99.999728 0 99.090731 99.965483 0.000049
552 0.071549 0.208967 1.60E-005 2.53E-011 0 99.989415 99.999728 0 99.129144 99.965483 0.000049
553 0.12466 0.212377 1.60E-005 2.52E-011 0 99.989472 99.999728 0 99.165942 99.965483 0.000049
554 -0.046916 0.215413 1.60E-005 2.52E-011 0 99.989525 99.999728 0 99.201119 99.965483 0.000049
555 0.071909 0.219406 1.60E-005 2.51E-011 0 99.989577 99.999728 0 99.234752 99.965483 0.000048
556 -0.040075 0.222774 1.60E-005 2.51E-011 0 99.989627 99.999728 0 99.267792 99.965484 0.000048
557 0.040582 0.22789 1.60E-005 2.51E-011 0 99.989674 99.999728 0 99.298764 99.965484 0.000048
558 0.094234 0.231758 1.60E-005 2.50E-011 0 99.98972 99.999728 0 99.328267 99.965484 0.000048
559 -0.06492 0.235833 1.60E-005 2.50E-011 0 99.989763 99.999728 0 99.356545 99.965484 0.000048
560 0.048684 0.240325 1.60E-005 2.49E-011 0 99.989804 99.999728 0 99.38372 99.965484 0.000048
561 -0.173122 0.242737 1.60E-005 2.49E-011 0 99.989844 99.999728 0 99.409743 99.965484 0.000048
562 -0.278264 0.247561 1.60E-005 2.48E-011 0 99.989882 99.999728 0 99.434672 99.965484 0.000048
563 -0.174923 0.251678 1.60E-005 2.48E-011 0 99.989919 99.999728 0 99.459024 99.965484 0.000048
564 -0.130273 0.255837 1.60E-005 2.48E-011 0 99.989954 99.999728 0 99.4818 99.965484 0.000048
565 0.016097 0.26062 1.60E-005 2.47E-011 0 99.989988 99.999728 0 99.503672 99.965484 0.000048
566 0.019518 0.263947 1.60E-005 2.47E-011 0 99.99002 99.999728 0 99.524654 99.965484 0.000048
567 -0.06762 0.267565 1.60E-005 2.46E-011 0 99.99005 99.999728 0 99.54464 99.965484 0.000047
568 -0.043135 0.27293 1.60E-005 2.46E-011 0 99.99008 99.999728 0 99.564283 99.965485 0.000047
569 -0.25774 0.276132 1.60E-005 2.45E-011 0 99.990108 99.999728 0 99.58267 99.965485 0.000047
570 -0.127573 0.280748 1.60E-005 2.45E-011 0 99.990135 99.999728 0 99.600285 99.965485 0.000047
571 -0.111369 0.284117 1.60E-005 2.45E-011 0 99.990161 99.999728 0 99.617123 99.965485 0.000047
572 -0.237576 0.288567 1.60E-005 2.44E-011 0 99.990186 99.999728 0 99.633223 99.965485 0.000047
573 0.024739 0.291727 1.60E-005 2.44E-011 0 99.990209 99.999728 0 99.648653 99.965485 0.000047
574 -0.039174 0.295013 1.60E-005 2.43E-011 0 99.990232 99.999728 0 99.663864 99.965485 0.000047
575 0.026359 0.298049 1.60E-005 2.43E-011 0 99.990254 99.999728 0 99.677987 99.965485 0.000047
576 0.277152 0.299338 1.60E-005 2.43E-011 0 99.990275 99.999728 0 99.691523 99.965485 0.000047
577 0.263469 0.30279 1.60E-005 2.42E-011 0 99.990294 99.999728 0 99.704532 99.965485 0.000047
578 0.069388 0.304828 1.60E-005 2.42E-011 0 99.990313 99.999728 0 99.716988 99.965485 0.000047
579 -0.244777 0.309194 1.60E-005 2.41E-011 0 99.990332 99.999728 0 99.728922 99.965485 0.000046
580 0.154366 0.313353 1.60E-005 2.41E-011 0 99.990349 99.999728 0 99.740329 99.965485 0.000046
581 0.406779 0.316971 1.60E-005 2.40E-011 0 99.990366 99.999728 0 99.751481 99.965486 0.000046
582 0.345386 0.32192 1.60E-005 2.40E-011 0 99.990382 99.999728 0 99.761951 99.965486 0.000046
583 0.1234 0.323293 1.60E-005 2.40E-011 0 99.990398 99.999728 0 99.771994 99.965486 0.000046
584 0.204597 0.326246 1.60E-005 2.39E-011 0 99.990412 99.999728 0 99.781562 99.965486 0.000046
585 0.150946 0.328866 1.60E-005 2.39E-011 0 99.990426 99.999728 0 99.790732 99.965486 0.000046
586 -0.155479 0.330779 1.60E-005 2.38E-011 0 99.99044 99.999728 0 99.799766 99.965486 0.000046
587 -0.059879 0.332276 1.60E-005 2.38E-011 0 99.990453 99.999728 0 99.808198 99.965486 0.000046
588 0.058586 0.332983 1.60E-005 2.38E-011 0 99.990465 99.999728 0 99.816258 99.965486 0.000046
589 -0.295908 0.335644 1.60E-005 2.37E-011 0 99.990477 99.999728 0 99.823965 99.965486 0.000046
590 -0.060239 0.338389 1.60E-005 2.37E-011 0 99.990488 99.999728 0 99.831351 99.965486 0.000046
591 0.335484 0.341508 1.60E-005 2.36E-011 0 99.990499 99.999728 0 99.838444 99.965486 0.000046
592 0.114038 0.344919 1.60E-005 2.36E-011 0 99.990509 99.999728 0 99.845248 99.965486 0.000045
593 0.049584 0.347206 1.60E-005 2.36E-011 0 99.99052 99.999728 0 99.851873 99.965487 0.000045
594 0.325582 0.350283 1.60E-005 2.35E-011 0 99.990529 99.999728 0 99.8581 99.965487 0.000045
595 0.131681 0.351864 1.60E-005 2.35E-011 0 99.990538 99.999728 0 99.864063 99.965487 0.000045
596 0.245825 0.354817 1.60E-005 2.34E-011 0 99.990547 99.999728 0 99.869775 99.965487 0.000045
597 0.45917 0.358767 1.60E-005 2.34E-011 0 99.990555 99.999728 0 99.875235 99.965487 0.000045
598 -0.002807 0.360764 1.60E-005 2.34E-011 0 99.990563 99.999728 0 99.880457 99.965487 0.000045
599 -0.059879 0.364715 1.60E-005 2.33E-011 0 99.990571 99.999728 0 99.885585 99.965487 0.000045
600 0.188213 0.367168 1.60E-005 2.33E-011 0 99.990578 99.999728 0 99.890393 99.965487 0.000045
601 0.013937 0.369705 1.60E-005 2.32E-011 0 99.990585 99.999728 0 99.894973 99.965487 0.000045
602 -0.071401 0.372284 1.60E-005 2.32E-011 0 99.990592 99.999728 0 99.899363 99.965487 0.000045
603 -0.278264 0.373365 1.60E-005 2.32E-011 0 99.990599 99.999728 0 99.903581 99.965487 0.000045
604 -0.178704 0.375611 1.60E-005 2.31E-011 0 99.990605 99.999728 0 99.907621 99.965487 0.000045
605 -0.171502 0.375112 1.60E-005 2.31E-011 0 99.990611 99.999728 0 99.911582 99.965487 0.000044
606 -0.253059 0.376858 1.60E-005 2.30E-011 0 99.990616 99.999728 0 99.915271 99.965488 0.000044
607 -0.383407 0.380476 1.60E-005 2.30E-011 0 99.990622 99.999728 0 99.918807 99.965488 0.000044
608 -0.232895 0.38318 1.60E-005 2.30E-011 0 99.990627 99.999728 0 99.922202 99.965488 0.000044
609 -0.073201 0.386174 1.60E-005 2.29E-011 0 99.990632 99.999728 0 99.925459 99.965488 0.000044
610 0.279673 0.388045 1.60E-005 2.29E-011 0 99.990637 99.999728 0 99.928562 99.965488 0.000044
611 0.250146 0.390458 1.60E-005 2.28E-011 0 99.990641 99.999728 0 99.931611 99.965488 0.000044
612 0.185693 0.392786 1.60E-005 2.28E-011 0 99.990646 99.999728 0 99.934465 99.965488 0.000044
613 0.160307 0.394866 1.60E-005 2.28E-011 0 99.99065 99.999728 0 99.9372 99.965488 0.000044
614 -0.055198 0.397777 1.60E-005 2.27E-011 0 99.990654 99.999728 0 99.939814 99.965488 0.000044
615 0.088652 0.399565 1.60E-005 2.27E-011 0 99.990658 99.999728 0 99.942313 99.965488 0.000044
616 -0.365403 0.402061 1.60E-005 2.26E-011 0 99.990662 99.999728 0 99.944768 99.965488 0.000044
617 0.024379 0.404182 1.60E-005 2.26E-011 0 99.990665 99.999728 0 99.94707 99.965488 0.000044
618 -0.347399 0.405887 1.60E-005 2.26E-011 0 99.990668 99.999728 0 99.949262 99.965488 0.000043
619 -0.145217 0.408465 1.60E-005 2.25E-011 0 99.990672 99.999728 0 99.951363 99.965488 0.000043
620 -0.296808 0.409838 1.60E-005 2.25E-011 0 99.990675 99.999728 0 99.953383 99.965489 0.000043
621 -0.220832 0.412666 1.60E-005 2.24E-011 0 99.990678 99.999728 0 99.955316 99.965489 0.000043
622 0.086132 0.414121 1.60E-005 2.24E-011 0 99.99068 99.999728 0 99.957169 99.965489 0.000043
623 0.009256 0.415993 1.60E-005 2.24E-011 0 99.990683 99.999728 0 99.958978 99.965489 0.000043
624 -0.183385 0.417573 1.60E-005 2.23E-011 0 99.990686 99.999728 0 99.960671 99.965489 0.000043
625 -0.165381 0.418862 1.60E-005 2.23E-011 0 99.990688 99.999728 0 99.962296 99.965489 0.000043
626 -0.25594 0.420318 1.60E-005 2.23E-011 0 99.990691 99.999728 0 99.963855 99.965489 0.000043
627 -0.022071 0.42194 1.60E-005 2.22E-011 0 99.990693 99.999728 0 99.965341 99.965489 0.000043
628 0.226921 0.423853 1.60E-005 2.22E-011 0 99.990695 99.999728 0 99.9668 99.965489 0.000043
629 0.578895 0.427055 1.60E-005 2.21E-011 0 99.990697 99.999728 0 99.968167 99.965489 0.000043
630 -0.371524 0.428552 1.60E-005 2.21E-011 0 99.990699 99.999728 0 99.969476 99.965489 0.000043
631 -0.098407 0.430715 1.60E-005 2.21E-011 0 99.990701 99.999728 0 99.970727 99.965489 0.000043
632 0.130781 0.432961 1.60E-005 2.20E-011 0 99.990703 99.999728 0 99.971923 99.965489 0.000042
633 0.727787 0.434208 1.60E-005 2.20E-011 0 99.990705 99.999728 0 99.97307 99.96549 0.000042
634 0.217019 0.436038 1.60E-005 2.20E-011 0 99.990706 99.999728 0 99.9742 99.96549 0.000042
635 2.54E-004 0.437036 1.60E-005 2.19E-011 0 99.990708 99.999728 0 99.97525 99.96549 0.000042
636 -0.021711 0.43949 1.60E-005 2.19E-011 0 99.99071 99.999728 0 99.976255 99.96549 0.000042
637 0.118359 0.441444 1.60E-005 2.18E-011 0 99.990711 99.999728 0 99.977222 99.96549 0.000042
638 -0.092466 0.443565 1.60E-005 2.18E-011 0 99.990713 99.999728 0 99.978148 99.96549 0.000042
639 0.207117 0.445811 1.60E-005 2.18E-011 0 99.990714 99.999728 0 99.979035 99.96549 0.000042
640 0.254287 0.445936 1.60E-005 2.17E-011 0 99.990715 99.999728 0 99.979882 99.96549 0.000042
641 -0.140176 0.448182 1.60E-005 2.17E-011 0 99.990716 99.999728 0 99.980711 99.96549 0.000042
642 0.040582 0.44997 1.60E-005 2.17E-011 0 99.990718 99.999728 0 99.981489 99.96549 0.000042
643 0.096394 0.452216 1.60E-005 2.16E-011 0 99.990719 99.999728 0 99.982235 99.96549 0.000042
644 0.026359 0.454462 1.60E-005 2.16E-011 0 99.99072 99.999728 0 99.982946 99.96549 0.000042
645 -0.030172 0.455501 1.60E-005 2.15E-011 0 99.990721 99.999728 0 99.983628 99.96549 0.000041
646 0.102875 0.457664 1.60E-005 2.15E-011 0 99.990722 99.999728 0 99.984283 99.96549 0.000041
