0.0 0.0 91.264431 0.0 92.55 0.0 0.0 0.049 0.64 0.0 0.0049 0.0049 0.0
1.0 1.0 89.816988 0.0 92.35760134560066 0.0 0.0 0.0768558995524412 1.2974958605107485 0.0 0.006238634230063739 7.412872504165263E-5 0.0
2.0 2.0 90.068353 0.0 92.05473291320064 0.0 0.0 0.09549627248341173 1.8341180744841308 0.0 0.007874374251805216 7.822083241155245E-5 0.0
3.0 3.0 90.642136 0.0 91.65989468139885 0.0 0.0 0.11819139479292284 2.2578570921818577 0.0 0.009830202424598918 8.149931593184213E-5 0.0
4.0 4.0 90.099479 0.0 91.19318911418343 0.0 0.0 0.1449585779343261 2.585353391793919 0.0 0.012133338722987637 8.40865585478793E-5 0.0
5.0 5.0 90.131248 0.0 90.67161257566237 0.0 0.0 0.1750274860312977 2.8314340968723184 0.0 0.0147852449853248 8.608811506480068E-5 0.0
6.0 6.0 89.883532 0.0 90.10956716727485 0.0 0.0 0.20662106880687311 3.010144914574139 0.0 0.01774603451576651 8.760259761937996E-5 0.0
7.0 7.0 87.311279 0.0 89.51860721358192 0.0 0.0 0.23726020616703414 3.1354239425701302 0.0 0.020931001143374445 8.872847636918361E-5 0.0
8.0 8.0 86.430106 0.0 88.90762752981296 0.0 0.0 0.264557042118286 3.2205309275137735 0.0 0.024221970525084353 8.956070520909196E-5 0.0
9.0 9.0 86.538079 0.0 88.28326771150151 0.0 0.0 0.28701621549866474 3.277010141634254 0.0 0.027492215061435257 9.01830350643558E-5 0.0
10.0 10.0 87.175615 0.0 87.65002771150212 0.0 0.0 0.3043104539919505 3.313979297378761 0.0 0.030634144136533585 9.066239518334967E-5 0.0
11.0 11.0 85.814251 0.0 87.01102619623923 0.0 0.0 0.31697305837904344 3.3380297286753127 0.0 0.03357224094314774 9.104755879617453E-5 0.0
12.0 12.0 84.016486 0.0 86.36834738270743 0.0 0.0 0.3259249898445817 3.353663344451985 0.0 0.03626466611342158 9.137207033427799E-5 0.0
13.0 13.0 85.933172 0.0 85.72328007384922 0.0 0.0 0.3321154180248383 3.363853391851827 0.0 0.03869686658791024 9.16582577367869E-5 0.0
14.0 14.0 85.805665 0.0 85.07655351038412 0.0 0.0 0.3363456498052192 3.370529307178003 0.0 0.040872654746757164 9.192075124135095E-5 0.0
15.0 15.0 84.943381 0.0 84.42870229986647 0.0 0.0 0.3392241569728267 3.3749329285103893 0.0 0.04280598379683267 9.216902801675462E-5 0.0
16.0 16.0 84.292751 0.0 83.78028120392965 0.0 0.0 0.34118632107386576 3.3778626256869795 0.0 0.0445155802505098 9.240917459236897E-5 0.0
17.0 17.0 83.481557 0.0 83.13130714405486 0.0 0.0 0.3425341289717667 3.379834201738791 0.0 0.04602326001469583 9.264529034529947E-5 0.0
18.0 18.0 82.538347 0.0 82.48213777810157 0.0 0.0 0.3434707081490844 3.381178873243908 0.0 0.04734975467826154 9.287993658272615E-5 0.0
19.0 19.0 80.928838 0.0 81.83265717184801 0.0 0.0 0.3441321809223227 3.382111549624007 0.0 0.048515634674163234 9.311493577728693E-5 0.0
20.0 20.0 81.049046 0.0 81.18303464038483 0.0 0.0 0.34460836064663947 3.382770945309735 0.0 0.04953922596489933 9.335141901750573E-5 0.0
21.0 21.0 80.5783 0.0 80.5333125025949 0.0 0.0 0.3449587189435176 3.3832474082033595 0.0 0.05043732607231019 9.359018307724304E-5 0.0
22.0 22.0 79.587007 0.0 79.88340909196828 0.0 0.0 0.3452226251675445 3.3835999738723785 0.0 0.051225098052393836 9.383182519509912E-5 0.0
23.0 23.0 78.900529 0.0 79.23356319548643 0.0 0.0 0.345426096780376 3.383867243493788 0.0 0.051915645845139864 9.407666446454803E-5 0.0
24.0 24.0 78.676426 0.0 78.58367903618348 0.0 0.0 0.3455866180013477 3.384074872266613 0.0 0.052520940078576966 9.43250417342952E-5 0.0
25.0 25.0 78.650881 0.0 77.93365321949959 0.0 0.0 0.3457159587543831 3.3842399460426185 0.0 0.05305150313532138 9.457723744793492E-5 0.0
26.0 26.0 78.388783 0.0 77.28371749707973 0.0 0.0 0.3458220893855133 3.3843739102117705 0.0 0.05351634112628973 9.483335988310019E-5 0.0
27.0 27.0 77.279213 0.0 76.633650153076 0.0 0.0 0.3459105973586173 3.384484673950541 0.0 0.053923697814201664 9.50936684429223E-5 0.0
28.0 28.0 76.746431 0.0 75.98356791951353 0.0 0.0 0.34598537525793877 3.3845776743313283 0.0 0.05428058687784112 9.535827349231667E-5 0.0
29.0 29.0 76.315182 0.0 75.33347375754381 0.0 0.0 0.34604923827724193 3.3846567795150886 0.0 0.05459324074376876 9.562732056477387E-5 0.0
30.0 30.0 74.821588 0.0 74.68337001679139 0.0 0.0 0.3461042580221215 3.384724788027151 0.0 0.054867127734767276 9.59009505896672E-5 0.0
31.0 31.0 74.667034 0.0 74.0332586015485 0.0 0.0 0.3461519952721664 3.384783771940638 0.0 0.05510704404909914 9.617930282994706E-5 0.0
32.0 32.0 73.174728 0.0 73.38314108426393 0.0 0.0 0.3461936539101021 3.384835302428378 0.0 0.05531719524544025 9.646251688848054E-5 0.0
33.0 33.0 72.319099 0.0 72.73301878431623 0.0 0.0 0.3462301835282555 3.3848805990409474 0.0 0.05550126821340357 9.675073411080239E-5 0.0
34.0 34.0 71.364513 0.0 72.08289282373981 0.0 0.0 0.34626234853036236 3.384920629392083 0.0 0.05566249460965995 9.704409859740766E-5 0.0
35.0 35.0 71.247309 0.0 71.43276416750749 0.0 0.0 0.3462907752743095 3.3849561764832634 0.0 0.055803706691161414 9.734275796439584E-5 0.0
36.0 36.0 69.54936 0.0 70.78250932138707 0.0 0.0 0.34631598928758955 3.3849878905437176 0.0 0.055927408525127204 9.764692263151408E-5 0.0
37.0 37.0 69.275027 0.0 70.13237653028288 0.0 0.0 0.346338419710478 3.3850162976729328 0.0 0.05603572807555616 9.79566332069652E-5 0.0
38.0 38.0 68.950892 0.0 69.4821165810781 0.0 0.0 0.34635844830326207 3.3850418634514536 0.0 0.056130613073687316 9.827217022681368E-5 0.0
39.0 39.0 69.13786 0.0 68.8318543122447 0.0 0.0 0.3463763902985506 3.3850649697984534 0.0 0.05621371158817462 9.859364203947365E-5 0.0
40.0 40.0 68.481219 0.0 68.18171923770548 0.0 0.0 0.34639251829138284 3.385085945610377 0.0 0.05628647327144624 9.89211558812608E-5 0.0
41.0 41.0 67.856778 0.0 67.53145484210596 0.0 0.0 0.3464070772968868 3.3851050865837853 0.0 0.05635020843818831 9.92550202091106E-5 0.0
42.0 42.0 66.738622 0.0 66.88118931854801 0.0 0.0 0.34642027137445647 3.385122637711474 0.0 0.05640602458775321 9.959535689142041E-5 0.0
43.0 43.0 66.183729 0.0 66.23092296545873 0.0 0.0 0.34643228123216413 3.3851388159731566 0.0 0.05645490519946265 9.994235856487821E-5 0.0
44.0 44.0 64.90737 0.07745 65.58047621054588 0.11020226510394023 0.0 0.3461283799350194 3.385071324590107 0.0 0.045300594879842414 1.0030330612055536E-4 1.0865760910393181E-5
45.0 45.0 63.386943 0.175996 64.93035282222678 0.20966908232921938 0.0 0.3449965824784174 3.384355300817268 0.0 0.02570241457530691 1.0064604948028116E-4 2.1255484932002942E-5
46.0 46.0 62.71957 0.287794 64.2805491562423 0.3127643284448527 0.0 0.34358184474140313 3.3830513794785553 0.0 0.01200747545456197 1.009887360669354E-4 3.218331908007598E-5
47.0 47.0 62.440085 0.395952 63.63115404785089 0.42219505171435023 0.0 0.34240827602976803 3.381711329422975 0.0 0.005912175758967776 1.0133720534462219E-4 4.399253624846166E-5
48.0 48.0 62.536681 0.45549 62.98216196024128 0.5350668141335277 0.0 0.34160691615031363 3.380681444153191 0.0 0.003755795311750826 1.0169567435214133E-4 5.64143005155686E-5
49.0 49.0 61.973846 0.484232 62.33352067366852 0.6490463592558038 0.0 0.34110499162681607 3.3800111564971327 0.0 0.002892192809597986 1.020723271454264E-4 6.921361473660822E-5
50.0 50.0 61.793748 0.504763 61.6850354083445 0.76333636151761 0.0 0.3408085895368961 3.3796256113783265 0.0 0.002408050403119867 1.0246049798485915E-4 8.231311341676662E-5
51.0 51.0 60.850968 0.52142 61.03641448507303 0.7560513380876015 0.0 0.340643342532281 3.379395572533364 0.0 0.0023062305430549875 1.0288413699261971E-4 8.290721701899778E-5
52.0 52.0 59.88157 0.536631 60.387826472707054 0.7488852374842422 0.0 0.3405441622789977 3.379245555795102 0.0 0.002321708740818078 1.0329677584689794E-4 8.299874065690982E-5
53.0 53.0 59.528886 0.550489 59.739112351607055 0.7417273988750537 0.0 0.34048335877751545 3.379153082110776 0.0 0.0023424017850123377 1.0371911944145022E-4 8.309493423541506E-5
54.0 54.0 59.376478 0.561828 59.090554344590274 0.7345761782888122 0.0 0.34044706903777233 3.3790980212506723 0.0 0.0023638340012220515 1.041510626766203E-4 8.319475382182619E-5
55.0 55.0 59.416405 0.572093 58.442001913102004 0.7274294115748539 0.0 0.3404265690464874 3.3790671059263406 0.0 0.0023857825731807636 1.0459286748340456E-4 8.329792156945412E-5
56.0 56.0 59.116527 0.580352 57.793451288110425 0.720286857902501 0.0 0.3404162773466222 3.379051813661047 0.0 0.0024082112751644797 1.0504476566238093E-4 8.340429472413982E-5
57.0 57.0 57.991072 0.585158 57.14474702232452 0.7131467053470822 0.0 0.34041260968411735 3.379046667271175 0.0 0.0024311106400834335 1.0550714600969277E-4 8.351384705727187E-5
58.0 58.0 57.04314 0.59113 56.49619161969558 0.7060122416647524 0.0 0.3404132661300693 3.3790481507010095 0.0 0.0024544647258226806 1.0598010668628005E-4 8.362653437778028E-5
59.0 59.0 56.755712 0.595983 55.847632690814834 0.698881786035149 0.0 0.3404167681882938 3.379054003652174 0.0 0.0024782798896801628 1.0646409961166558E-4 8.374242941338118E-5
60.0 60.0 55.27972 0.598923 55.19891108703237 0.6917536128515374 0.0 0.3404221701122107 3.3790627804433666 0.0 0.0025025674189136033 1.0695961763996793E-4 8.386163738461742E-5
61.0 61.0 54.731053 0.599856 54.55034101660064 0.6846312145443101 0.0 0.3404288625517095 3.379073549527635 0.0 0.002527323750161979 1.0746681533798657E-4 8.398419661393263E-5
62.0 62.0 54.162423 0.601069 53.901603363387 0.6775111384923806 0.0 0.34043646105716596 3.3790857239183634 0.0 0.0025525713514850117 1.0798636068332256E-4 8.41102791333873E-5
63.0 63.0 53.919859 0.601069 53.25302006223792 0.6703969782073754 0.0 0.3404447152001487 3.3790989211537013 0.0 0.002578309512312398 1.085184372121318E-4 8.423994666374713E-5
64.0 64.0 53.456196 0.600089 52.604264419110756 0.6632852167522973 0.0 0.34045347317561414 3.3791129102530713 0.0 0.00260456422146468 1.0906377816676065E-4 8.437339976066394E-5
65.0 65.0 53.342427 0.599016 51.955666324457844 0.6561795417489499 0.0 0.34046263307768143 3.379127536035234 0.0 0.002631336128405131 1.0962259562004722E-4 8.451071564929211E-5
66.0 66.0 52.717556 0.596823 51.30689103325772 0.6490763613297849 0.0 0.3404721398830347 3.3791427157131553 0.0 0.002658653916822292 1.1019569320206184E-4 8.465211987879237E-5
67.0 67.0 51.694494 0.594023 50.658276727715204 0.6419794569819498 0.0 0.3404819532931381 3.3791583884369687 0.0 0.0026865189872497565 1.1078331398236855E-4 8.479770276884394E-5
68.0 68.0 51.346532 0.590384 50.00948016069739 0.6348851551947092 0.0 0.3404920589852316 3.3791745338406702 0.0 0.0027149624855290306 1.1138633954227428E-4 8.494771511872719E-5
69.0 69.0 50.280538 0.587211 49.360671175537384 0.6277954002447323 0.0 0.34050244525328566 3.379191135112485 0.0 0.00274399433237283 1.1200521903161566E-4 8.51023031841526E-5
70.0 70.0 49.923346 0.582452 48.712028649756725 0.6207122331588727 0.0 0.34051310676244073 3.379208185224329 0.0 0.002773624156948779 1.126404081891356E-4 8.5261616659543E-5
71.0 71.0 49.589552 0.577599 48.063195705550825 0.6136318482044478 0.0 0.34052405158523097 3.3792256983554125 0.0 0.002803886898826742 1.1329292381645393E-4 8.5425948533483E-5
72.0 72.0 48.584951 0.571906 47.414348820392 0.6065562676980334 0.0 0.3405352821947889 3.3792436796032757 0.0 0.002834794009386461 1.1396329958931507E-4 8.559547333308682E-5
73.0 73.0 47.826562 0.564721 46.76548741337891 0.5994855830284566 0.0 0.34054680615264704 3.379262142143599 0.0 0.002866365760214334 1.1465227947646333E-4 8.577042100876782E-5
74.0 74.0 47.405187 0.558328 46.11680032747399 0.5924219507896831 0.0 0.3405586291664383 3.3792810961611024 0.0 0.0028986137556444133 1.1536043967796321E-4 8.595098140288949E-5
75.0 75.0 46.315581 0.551749 45.46791070510818 0.5853613717303989 0.0 0.3405707685853682 3.3793005705224624 0.0 0.0029315787066438058 1.160890214513267E-4 8.613751699961995E-5
76.0 76.0 45.64327 0.54447 44.81900470002479 0.5783059816697652 0.0 0.3405832326250607 3.379320579495792 0.0 0.002965274380090966 1.1683870272955316E-4 8.633024997572305E-5
77.0 77.0 45.339099 0.538218 44.170081595326124 0.571255884543227 0.0 0.3405960338248012 3.3793411443393406 0.0 0.002999724716638949 1.1761041433651507E-4 8.652947033554785E-5
78.0 78.0 44.611407 0.531452 43.5211406325678 0.5642111877155457 0.0 0.3406091856294706 3.379362287838524 0.0 0.0030349546937790566 1.1840514272020568E-4 8.673548599709007E-5
79.0 79.0 43.564732 0.52352 42.87238476612791 0.557174211341973 0.0 0.3406226980709773 3.3793840273685265 0.0 0.00307097893737176 1.1922367320507774E-4 8.694855610076107E-5
80.0 80.0 43.440015 0.515075 42.223408753803554 0.5501406836122673 0.0 0.34063659480186215 3.3794064023155994 0.0 0.003107847108963429 1.2006762627130157E-4 8.71691613320637E-5
81.0 81.0 42.435843 0.508869 41.57441242332155 0.5431129012244675 0.0 0.3406508878688853 3.3794294335039288 0.0 0.003145576619906721 1.2093793262753099E-4 8.739760735182465E-5
82.0 82.0 41.373927 0.50285 40.925394820315496 0.5360909867610965 0.0 0.3406655944245625 3.3794531500885427 0.0 0.003184197181611391 1.2183584748605113E-4 8.763428890679535E-5
83.0 83.0 41.151326 0.494964 40.27635493036237 0.529075067004041 0.0 0.3406807326634572 3.3794775830324038 0.0 0.0032237398567007084 1.2276270714424667E-4 8.787962701865572E-5
84.0 84.0 40.176347 0.486285 39.62729167412682 0.5220652731118954 0.0 0.34069632189274557 3.3795027652334415 0.0 0.0032642371351301494 1.237199356463685E-4 8.813407117843083E-5
85.0 85.0 39.7627 0.47882 38.97820390202427 0.5150617408056339 0.0 0.3407123826127271 3.379528731668773 0.0 0.0033057230154649635 1.247090521138594E-4 8.839810176326711E-5
86.0 86.0 38.997657 0.471961 38.32909038835028 0.5080646105628608 0.0 0.34072893660717446 3.379555519556234 0.0 0.0033482330917134094 1.2573167882390325E-4 8.867223270213479E-5
87.0 87.0 38.105536 0.464495 37.679949824807316 0.5010740278208634 0.0 0.3407460070438293 3.379583168533981 0.0 0.0033918046461521604 1.2678955012692287E-4 8.895701442074133E-5
88.0 88.0 37.617403 0.455816 37.03101662217044 0.4940926787728919 0.0 0.34076361208719447 3.3796117103188874 0.0 0.0034364603172695606 1.2788411759775004E-4 8.925292745715226E-5
89.0 89.0 37.139788 0.449097 36.381821862865806 0.4871156906830578 0.0 0.34078179068580905 3.3796412105432125 0.0 0.0034822732100937255 1.2901815777441604E-4 8.95608181880522E-5
90.0 90.0 36.128531 0.443731 35.732595710091815 0.4801457198030494 0.0 0.34080056468458286 3.379671707355024 0.0 0.0035292705434531823 1.3019342044744706E-4 8.988126385648086E-5
91.0 91.0 35.500655 0.435473 35.083336454066426 0.47318293370297665 0.0 0.3408199640229434 3.3797032522855233 0.0 0.00357749741538769 1.3141219801517432E-4 9.021499718121676E-5
92.0 92.0 34.991271 0.427867 34.43404225869075 0.4662275060737295 0.0 0.3408400207122442 3.3797359005190244 0.0 0.0036270011844251335 1.3267695630320755E-4 9.056280768820656E-5
93.0 93.0 33.981517 0.420681 33.78471114955342 0.45927961698747277 0.0 0.340860769020824 3.3797697112258684 0.0 0.003677831610193483 1.339903513049818E-4 9.092554726298661E-5
94.0 94.0 33.11816 0.413729 33.13534100053325 0.4523394531677734 0.0 0.3408822456796785 3.3798047479329094 0.0 0.003730041004537749 1.3535524790249905E-4 9.130413636385951E-5
95.0 95.0 32.431897 0.405424 32.48619821151893 0.4454100747119122 0.0 0.34090448074360397 3.379841063627608 0.0 0.0037836618955548115 1.367741418117545E-4 9.16994037552603E-5
96.0 96.0 31.562315 0.398518 31.836748383924412 0.4384860042156017 0.0 0.34092753477659554 3.379878761551702 0.0 0.0038387960984034536 1.3825154194481348E-4 9.211275207862538E-5
97.0 97.0 30.583902 0.391379 31.18725229569752 0.43157026407083143 0.0 0.34095144451144116 3.3799179065030276 0.0 0.003895483135195379 1.3979051158277884E-4 9.254519586533112E-5
98.0 98.0 29.935418 0.387366 30.537707058864935 0.4246630706207297 0.0 0.34097625909849383 3.3799585840780626 0.0 0.003953787276448631 1.4139498842880583E-4 9.299800871429535E-5
99.0 99.0 29.31205 0.380507 29.888401503712714 0.41776774674405653 0.0 0.34100201979280065 3.3800008674610975 0.0 0.004013748943352311 1.4306848507887658E-4 9.347235923572007E-5
100.0 100.0 28.346301 0.373975 29.238754756391554 0.4108783927152323 0.0 0.3410288068447776 3.38004489448431 0.0 0.0040754929193186585 1.4481715048713753E-4 9.397018155680518E-5
101.0 101.0 27.921492 0.367209 28.58904889867631 0.40399828729335313 0.0 0.3410566712747862 3.3800907557309774 0.0 0.004139068685242564 1.466453526554401E-4 9.449292558625678E-5
102.0 102.0 26.75976 0.361703 27.939592152058708 0.3971309807146526 0.0 0.3410856662891359 3.380138546055407 0.0 0.0042045240695087775 1.485577152899181E-4 9.50421316920402E-5
103.0 103.0 25.894901 0.35671 27.28976300839109 0.3902702079180823 0.0 0.34111589269452847 3.380188439659167 0.0 0.004272005542045337 1.5056214845311628E-4 9.562030787417437E-5
104.0 104.0 25.24191 0.351578 26.639861842570905 0.38341946863803006 0.0 0.3411474169818789 3.3802405552047463 0.0 0.004341572035216227 1.5266446833321574E-4 9.622938789381032E-5
105.0 105.0 24.104649 0.346305 25.990218952179827 0.376582571968175 0.0 0.34118030893493384 3.3802950177546434 0.0 0.00441328042515513 1.548708744363354E-4 9.687143976592172E-5
106.0 106.0 23.091246 0.341779 25.340165939885036 0.3697528351013837 0.0 0.34121469735349985 3.3803520513535665 0.0 0.004487303901582097 1.571917391845623E-4 9.754977741846531E-5
107.0 107.0 22.749939 0.335667 24.690377014419585 0.3629377090034756 0.0 0.341250650519436 3.380411781161861 0.0 0.004563670904937551 1.5963360366129481E-4 9.826663175001439E-5
108.0 108.0 21.953127 0.331234 24.040510958159476 0.35613399044813804 0.0 0.34128830022402923 3.3804744392578714 0.0 0.004642531230436667 1.622075702004212E-4 9.902560487911858E-5
109.0 109.0 21.895169 0.331981 23.3901888106725 0.3493381261347938 0.0 0.3413277956874982 3.380540288758249 0.0 0.004724051508686994 1.649262839151464E-4 9.983080255358569E-5
110.0 110.0 21.700688 0.333894 22.740138421999383 0.34255814561317 0.0 0.3413692315960067 3.3806095038855974 0.0 0.004808266409029402 1.6779899618490842E-4 1.0068537108715063E-4
