0 88.887235 1.583382 92 0.196553 0 0.201175 0.8912 0 0.054692 6.40E-004 0 0.083382
1 90.037316 1.565125 91.571204 0.173727 0 0.026582 0.970364 0 0.033811 7.05E-004 0.001552 0.065125
2 89.392601 1.554977 91.17162 0.160182 0 0.025942 0.933074 0 0.022366 7.01E-004 0.002838 0.054977
3 88.712958 1.548365 90.791842 0.151293 0 0.025653 0.916026 0 0.015654 6.99E-004 0.003957 0.048365
4 89.100219 1.543125 90.423583 0.144972 0 0.025561 0.910998 0 0.011549 6.98E-004 0.004971 0.043125
5 88.941426 1.541337 90.06281 0.140171 0 0.025585 0.913214 0 0.008981 6.97E-004 0.005909 0.041337
6 88.985175 1.540255 89.706663 0.136304 0 0.025679 0.919821 0 0.007352 6.97E-004 0.006791 0.040255
7 88.103891 1.538384 89.353549 0.13303 0 0.025817 0.929099 0 0.006314 6.97E-004 0.007626 0.038384
8 87.731392 1.537344 89.0025 0.130143 0 0.025983 0.939999 0 0.005658 6.97E-004 0.008423 0.037344
9 86.851368 1.535057 88.652921 0.127514 0 0.026167 0.951871 0 0.00525 6.97E-004 0.009186 0.035057
10 84.705138 1.533975 88.304238 0.125059 0 0.026364 0.964317 0 0.005007 6.97E-004 0.009918 0.033975
11 85.377399 1.534599 87.956423 0.122727 0 0.026569 0.977074 0 0.004874 6.97E-004 0.010621 0.034599
12 85.994208 1.535015 87.609328 0.120483 0 0.02678 0.989976 0 0.004816 6.97E-004 0.011297 0.035015
13 86.673671 1.535265 87.262859 0.118303 0 0.026995 1.002914 0 0.004809 6.97E-004 0.011947 0.035265
14 86.590853 1.536887 86.916951 0.116173 0 0.027214 1.015815 0 0.004838 6.97E-004 0.012571 0.036887
15 84.940447 1.536845 86.571356 0.11408 0 0.027434 1.028635 0 0.004892 6.98E-004 0.013172 0.036845
16 84.52708 1.536762 86.226247 0.112019 0 0.027656 1.041329 0 0.004965 6.98E-004 0.013749 0.036762
17 84.502595 1.537843 85.881391 0.109983 0 0.027879 1.053875 0 0.005051 6.98E-004 0.014304 0.037843
18 83.824393 1.538093 85.537184 0.107971 0 0.028102 1.066235 0 0.005147 6.98E-004 0.014835 0.038093
19 83.469899 1.538093 85.193194 0.105979 0 0.028326 1.078406 0 0.005251 6.98E-004 0.015345 0.038093
20 83.114324 1.538592 84.849611 0.104006 0 0.028549 1.090363 0 0.005362 6.98E-004 0.015834 0.038592
21 82.798898 1.538841 84.506211 0.10205 0 0.028771 1.102098 0 0.005478 6.99E-004 0.016302 0.038841
22 82.888197 1.539507 84.163188 0.100111 0 0.028993 1.113589 0 0.005599 6.99E-004 0.01675 0.039507
23 81.823633 1.540297 83.820526 0.098188 0 0.029212 1.124825 0 0.005724 6.99E-004 0.017178 0.040297
24 82.310816 1.540047 83.477999 0.096279 0 0.02943 1.135799 0 0.005853 6.99E-004 0.017586 0.040047
25 82.128797 1.540463 83.135801 0.094387 0 0.029645 1.146493 0 0.005986 6.99E-004 0.017975 0.040463
26 81.462658 1.541045 82.793917 0.092509 0 0.029858 1.156897 0 0.006122 7.00E-004 0.018346 0.041045
27 81.299904 1.541004 82.452116 0.090645 0 0.030068 1.167007 0 0.006262 7.00E-004 0.018698 0.041004
28 80.799939 1.542335 82.110595 0.088797 0 0.030274 1.176806 0 0.006405 7.00E-004 0.019033 0.042335
29 80.399895 1.543915 81.769335 0.086963 0 0.030476 1.186287 0 0.006552 7.00E-004 0.01935 0.043915
30 79.126308 1.54404 81.428103 0.085143 0 0.030674 1.195447 0 0.006702 7.00E-004 0.01965 0.04404
31 79.582523 1.54562 81.087096 0.083338 0 0.030867 1.204272 0 0.006856 7.01E-004 0.019933 0.04562
32 79.439573 1.546327 80.746077 0.081548 0 0.031056 1.212761 0 0.007013 7.01E-004 0.0202 0.046327
33 78.956712 1.546493 80.405463 0.079773 0 0.031238 1.220897 0 0.007173 7.01E-004 0.020451 0.046493
34 78.427041 1.547242 80.064579 0.078012 0 0.031415 1.228691 0 0.007336 7.01E-004 0.020687 0.047242
35 78.556668 1.548448 79.724063 0.076268 0 0.031586 1.236122 0 0.007503 7.01E-004 0.020907 0.048448
36 77.172358 1.549488 79.383453 0.074538 0 0.03175 1.243196 0 0.007674 7.02E-004 0.021112 0.049488
37 77.295144 1.550819 79.042729 0.072823 0 0.031908 1.249909 0 0.007848 7.02E-004 0.021303 0.050819
38 78.023216 1.551526 78.702091 0.071124 0 0.032059 1.256255 0 0.008025 7.02E-004 0.02148 0.051526
39 77.082699 1.551567 78.361521 0.069442 0 0.032202 1.262232 0 0.008206 7.02E-004 0.021642 0.051567
40 76.455628 1.552856 78.020998 0.067777 0 0.032337 1.267839 0 0.008391 7.03E-004 0.021791 0.052856
41 76.296654 1.55294 77.680276 0.066128 0 0.032465 1.273078 0 0.008579 7.03E-004 0.021926 0.05294
42 76.078269 1.553771 77.339561 0.064496 0 0.032585 1.277948 0 0.00877 7.03E-004 0.022049 0.053771
43 75.365679 1.554811 76.998606 0.062882 0 0.032697 1.28245 0 0.008966 7.04E-004 0.022159 0.054811
44 75.410329 1.555435 76.657616 0.061285 0 0.0328 1.286585 0 0.009165 7.04E-004 0.022256 0.055435
45 75.669943 1.555726 76.316575 0.059707 0 0.032895 1.290355 0 0.009367 7.04E-004 0.022341 0.055726
46 75.326971 1.557098 75.975232 0.058146 0 0.032981 1.293764 0 0.009574 7.04E-004 0.022415 0.057098
47 75.092202 1.55714 75.633798 0.056605 0 0.033059 1.296814 0 0.009784 7.05E-004 0.022477 0.05714
48 73.861104 1.557556 75.292021 0.055082 0 0.033129 1.29951 0 0.009998 7.05E-004 0.022527 0.057556
49 72.990621 1.557223 74.950117 0.053579 0 0.033189 1.301855 0 0.010216 7.05E-004 0.022567 0.057223
50 72.665653 1.557597 74.608069 0.052097 0 0.033241 1.303854 0 0.010438 7.06E-004 0.022596 0.057597
51 72.534045 1.558596 74.265623 0.050634 0 0.033285 1.305514 0 0.010664 7.06E-004 0.022614 0.058596
52 71.632056 1.559968 73.923238 0.049193 0 0.03332 1.306839 0 0.010893 7.06E-004 0.022623 0.059968
53 71.547979 1.560051 73.580182 0.047772 0 0.033347 1.307837 0 0.011127 7.07E-004 0.022621 0.060051
54 71.455619 1.560883 73.237158 0.046373 0 0.033366 1.308514 0 0.011365 7.07E-004 0.02261 0.060883
55 71.462641 1.561798 72.89367 0.044996 0 0.033376 1.308876 0 0.011607 7.08E-004 0.02259 0.061798
56 70.817925 1.561382 72.549946 0.043641 0 0.033379 1.308932 0 0.011853 7.08E-004 0.02256 0.061382
57 69.892351 1.56159 72.205729 0.042307 0 0.033374 1.308688 0 0.012103 7.08E-004 0.022522 0.06159
58 70.104796 1.562089 71.861249 0.040997 0 0.033362 1.308153 0 0.012358 7.09E-004 0.022475 0.062089
59 69.771366 1.562089 71.516497 0.03971 0 0.033342 1.307336 0 0.012617 7.09E-004 0.02242 0.062089
60 68.865236 1.563461 71.171464 0.038447 0 0.033315 1.306245 0 0.01288 7.09E-004 0.022356 0.063461
61 68.097375 1.563836 70.825888 0.037206 0 0.033282 1.304887 0 0.013148 7.10E-004 0.022285 0.063836
62 68.098995 1.563753 70.48001 0.03599 0 0.033242 1.303272 0 0.01342 7.10E-004 0.022206 0.063753
63 68.499579 1.565042 70.133823 0.034798 0 0.033196 1.301411 0 0.013697 7.11E-004 0.02212 0.065042
64 68.258689 1.565167 69.787064 0.03363 0 0.033144 1.299309 0 0.013978 7.11E-004 0.022027 0.065167
65 68.171911 1.567246 69.439981 0.032486 0 0.033087 1.296979 0 0.014264 7.11E-004 0.021927 0.067246
66 67.493348 1.56945 69.092569 0.031368 0 0.033024 1.294428 0 0.014554 7.12E-004 0.02182 0.06945
67 67.376144 1.571945 68.744825 0.030274 0 0.032956 1.291668 0 0.014849 7.12E-004 0.021707 0.071945
68 67.12283 1.577227 68.396481 0.029204 0 0.032883 1.288705 0 0.015148 7.13E-004 0.021588 0.077227
69 66.906965 1.578974 68.047795 0.02816 0 0.032806 1.285552 0 0.015452 7.13E-004 0.021463 0.078974
70 66.510342 1.579348 67.698766 0.027142 0 0.032725 1.282216 0 0.015761 7.14E-004 0.021332 0.079348
71 66.493238 1.577435 67.349392 0.026148 0 0.03264 1.278709 0 0.016075 7.14E-004 0.021196 0.077435
72 66.057007 1.573151 66.999404 0.025179 0 0.032551 1.275036 0 0.016393 7.15E-004 0.021055 0.073151
73 65.551101 1.571446 66.649339 0.024236 0 0.032459 1.271214 0 0.016715 7.15E-004 0.020909 0.071446
74 65.31057 1.571737 66.298657 0.023318 0 0.032364 1.267245 0 0.017042 7.15E-004 0.020758 0.071737
75 64.253389 1.571737 65.94763 0.022425 0 0.032267 1.263141 0 0.017374 7.16E-004 0.020603 0.071737
76 63.885932 1.57311 65.595982 0.021557 0 0.032166 1.258909 0 0.01771 7.16E-004 0.020443 0.07311
77 64.587719 1.572943 65.244269 0.020714 0 0.032064 1.254564 0 0.018051 7.17E-004 0.020279 0.072943
78 64.030142 1.573775 64.891938 0.019896 0 0.03196 1.250109 0 0.018396 7.17E-004 0.020112 0.073775
79 63.508212 1.574815 64.539552 0.019103 0 0.031855 1.245559 0 0.018745 7.18E-004 0.01994 0.074815
80 63.266062 1.574773 64.186552 0.018334 0 0.031748 1.240915 0 0.019099 7.18E-004 0.019766 0.074773
81 62.850174 1.576021 63.832937 0.017589 0 0.031639 1.236186 0 0.019456 7.19E-004 0.019588 0.076021
82 62.548071 1.576104 63.479283 0.016869 0 0.03153 1.231388 0 0.019818 7.19E-004 0.019408 0.076104
83 62.246328 1.575855 63.12531 0.016172 0 0.03142 1.226524 0 0.020183 7.20E-004 0.019224 0.075855
84 62.189256 1.575647 62.770732 0.015499 0 0.03131 1.221599 0 0.020552 7.20E-004 0.019038 0.075647
85 61.810096 1.575189 62.416137 0.014849 0 0.031199 1.216629 0 0.020925 7.21E-004 0.01885 0.075189
86 61.699373 1.576271 62.060945 0.014222 0 0.031088 1.211612 0 0.021301 7.21E-004 0.018659 0.076271
87 61.309231 1.576395 61.705454 0.013618 0 0.030977 1.20656 0 0.02168 7.22E-004 0.018467 0.076395
88 60.434788 1.576603 61.34967 0.013036 0 0.030866 1.201479 0 0.022062 7.22E-004 0.018273 0.076603
89 60.11126 1.577685 60.993601 0.012475 0 0.030755 1.196376 0 0.022447 7.23E-004 0.018077 0.077685
90 59.625338 1.576978 60.637252 0.011936 0 0.030645 1.191258 0 0.022835 7.24E-004 0.01788 0.076978
91 59.724539 1.577851 60.280325 0.011418 0 0.030535 1.186127 0 0.023225 7.24E-004 0.017682 0.077851
92 58.954878 1.578267 59.923436 0.010921 0 0.030427 1.180996 0 0.023617 7.25E-004 0.017483 0.078267
93 58.807967 1.578724 59.565978 0.010443 0 0.030318 1.175863 0 0.024011 7.25E-004 0.017282 0.078724
94 58.44051 1.580221 59.208576 0.009986 0 0.030211 1.170742 0 0.024407 7.26E-004 0.017082 0.080221
95 58.225905 1.580388 58.850614 0.009547 0 0.030105 1.165629 0 0.024804 7.26E-004 0.01688 0.080388
96 57.658426 1.580388 58.49241 0.009127 0 0.03 1.160534 0 0.025203 7.27E-004 0.016678 0.080388
97 57.366584 1.58072 58.134289 0.008725 0 0.029896 1.155464 0 0.025602 7.27E-004 0.016477 0.08072
98 57.20041 1.580013 57.775622 0.008341 0 0.029794 1.150416 0 0.026002 7.28E-004 0.016275 0.080013
99 56.418506 1.580762 57.416733 0.007973 0 0.029692 1.145398 0 0.026402 7.29E-004 0.016073 0.080762
100 56.369895 1.581303 57.057627 0.007622 0 0.029592 1.140414 0 0.026803 7.29E-004 0.015871 0.081303
101 56.212362 1.581095 56.698312 0.007288 0 0.029494 1.135467 0 0.027203 7.30E-004 0.01567 0.081095
102 55.777571 1.582509 56.338794 0.006968 0 0.029396 1.13056 0 0.027603 7.30E-004 0.015469 0.082509
103 55.801156 1.582509 55.978745 0.006664 0 0.029301 1.125693 0 0.028003 7.31E-004 0.015268 0.082509
104 54.681321 1.582426 55.618836 0.006374 0 0.029207 1.120876 0 0.028401 7.32E-004 0.015069 0.082426
105 54.686903 1.583091 55.258741 0.006097 0 0.029114 1.116108 0 0.028798 7.32E-004 0.01487 0.083091
106 54.253372 1.582426 54.898467 0.005835 0 0.029023 1.111391 0 0.029194 7.33E-004 0.014672 0.082426
107 54.123204 1.583174 54.538018 0.005585 0 0.028934 1.106727 0 0.029588 7.34E-004 0.014475 0.083174
108 54.020223 1.583049 54.177056 0.005347 0 0.028846 1.102114 0 0.02998 7.34E-004 0.01428 0.083049
109 53.288009 1.583257 53.816273 0.005121 0 0.02876 1.097562 0 0.03037 7.35E-004 0.014085 0.083257
110 53.117513 1.584006 53.455331 0.004906 0 0.028675 1.093068 0 0.030757 7.36E-004 0.013892 0.084006
111 52.944137 1.583382 53.093884 0.004701 0 0.028592 1.088629 0 0.031142 7.36E-004 0.0137 0.083382
112 52.038907 1.59224 52.732637 0.004508 0 0.028511 1.084256 0 0.031524 7.37E-004 0.01351 0.09224
113 51.835825 1.712139 52.370889 0.004324 0 0.028431 1.07994 0 0.031903 7.38E-004 0.013321 0.212139
114 51.305613 1.986454 52.01565 0.296208 0 0.028403 1.080255 0 0.021948 7.34E-004 0.014938 0.486454
115 51.618519 2.466837 51.687205 0.580589 0 0.028773 1.103572 0 0.007573 7.26E-004 0.019649 0.966837
116 51.688914 3.064541 51.400227 0.871556 0 0.029893 1.163784 0 0.001806 7.15E-004 0.026545 1.564541
117 51.260244 3.567548 51.164453 1.166176 0 0.032128 1.268841 0 7.40E-004 7.01E-004 0.034469 2.067548
118 51.389871 3.923708 50.985202 1.462476 0 0.03608 1.421879 0 5.84E-004 6.86E-004 0.042112 2.423708
119 51.578731 4.106529 50.86291 1.760668 0 0.042831 1.617694 0 5.59E-004 6.72E-004 0.048276 2.606529
120 51.308314 4.205467 50.789806 2.060757 0 0.054239 1.837554 0 5.95E-004 6.61E-004 0.052312 2.705467
121 51.154562 4.29222 50.750732 2.362225 0 0.072988 2.048162 0 6.91E-004 6.55E-004 0.054402 2.79222
122 51.185888 4.356806 50.729322 2.356335 0 0.100506 2.209682 0 9.31E-004 6.53E-004 0.055204 2.856806
123 51.469628 4.415529 50.714344 2.349253 0 0.13054 2.29913 0 0.001222 6.52E-004 0.05545 2.915529
124 51.380869 4.461941 50.701361 2.340712 0 0.151148 2.333049 0 0.00144 6.51E-004 0.055523 2.961941
125 51.028355 4.500909 50.688945 2.331254 0 0.159939 2.342539 0 0.001543 6.51E-004 0.055542 3.000909
126 51.202272 4.526278 50.676659 2.321432 0 0.162618 2.344812 0 0.001581 6.51E-004 0.055546 3.026278
127 51.212174 4.542996 50.664394 2.311519 0 0.163294 2.345315 0 0.001596 6.51E-004 0.055545 3.042996
128 51.136918 4.554433 50.652088 2.301576 0 0.163443 2.345409 0 0.001604 6.51E-004 0.055543 3.054433
129 50.588343 4.562667 50.639729 2.291624 0 0.163464 2.345407 0 0.001611 6.51E-004 0.055541 3.062667
130 51.095329 4.567408 50.627338 2.281686 0 0.163454 2.345382 0 0.001618 6.51E-004 0.055538 3.067408
131 50.856239 4.567491 50.614891 2.271744 0 0.163438 2.345352 0 0.001625 6.51E-004 0.055536 3.067491
132 50.590503 4.565454 50.602386 2.261799 0 0.163419 2.345321 0 0.001632 6.51E-004 0.055533 3.065454
133 51.00477 4.560921 50.589834 2.251861 0 0.1634 2.345288 0 0.001638 6.51E-004 0.05553 3.060921
134 51.117654 4.5588 50.577236 2.241928 0 0.16338 2.345256 0 0.001645 6.51E-004 0.055528 3.0588
135 51.617259 4.562002 50.564591 2.232002 0 0.163361 2.345223 0 0.001652 6.51E-004 0.055525 3.062002
136 51.367906 4.554558 50.551886 2.222073 0 0.163341 2.34519 0 0.001659 6.51E-004 0.055523 3.054558
137 51.365386 4.542996 50.539134 2.212151 0 0.163321 2.345157 0 0.001666 6.51E-004 0.05552 3.042996
138 51.1452 4.530312 50.526321 2.202225 0 0.163301 2.345123 0 0.001673 6.51E-004 0.055517 3.030312
139 51.110813 4.508852 50.513459 2.192306 0 0.163281 2.345089 0 0.00168 6.51E-004 0.055514 3.008852
140 50.917632 4.483151 50.500548 2.182393 0 0.16326 2.345055 0 0.001688 6.51E-004 0.055512 2.983151
141 50.808169 4.468512 50.487575 2.172477 0 0.16324 2.345021 0 0.001695 6.51E-004 0.055509 2.968512
142 50.470778 4.452625 50.474552 2.162567 0 0.163219 2.344986 0 0.001702 6.51E-004 0.055506 2.952625
143 50.649736 4.434327 50.461479 2.152664 0 0.163198 2.344951 0 0.001709 6.51E-004 0.055503 2.934327
144 50.401644 4.416693 50.448342 2.142758 0 0.163177 2.344916 0 0.001717 6.51E-004 0.0555 2.916693
145 50.48032 4.400141 50.435154 2.132858 0 0.163156 2.34488 0 0.001724 6.51E-004 0.055497 2.900141
146 51.307414 4.385086 50.421914 2.122965 0 0.163134 2.344844 0 0.001732 6.51E-004 0.055494 2.885086
147 51.741845 4.37419 50.408609 2.113069 0 0.163113 2.344808 0 0.00174 6.51E-004 0.055492 2.87419
148 51.654166 4.358345 50.395251 2.10318 0 0.163091 2.344771 0 0.001747 6.51E-004 0.055489 2.858345
149 51.366646 4.341045 50.381827 2.093287 0 0.163069 2.344734 0 0.001755 6.51E-004 0.055486 2.841045
150 51.324517 4.322787 50.368362 2.083411 0 0.163047 2.344697 0 0.001763 6.51E-004 0.055483 2.822787
151 51.276087 4.302576 50.354829 2.073531 0 0.163024 2.344659 0 0.001771 6.51E-004 0.055479 2.802576
152 50.873883 4.283154 50.34123 2.063649 0 0.163002 2.344621 0 0.001779 6.51E-004 0.055476 2.783154
153 50.28876 4.266935 50.327574 2.053774 0 0.162979 2.344583 0 0.001787 6.51E-004 0.055473 2.766935
154 50.469518 4.251838 50.313863 2.043905 0 0.162956 2.344544 0 0.001795 6.51E-004 0.05547 2.751838
155 50.310725 4.236658 50.300095 2.034042 0 0.162933 2.344505 0 0.001803 6.51E-004 0.055467 2.736658
156 50.658378 4.216488 50.286258 2.024177 0 0.162909 2.344466 0 0.001811 6.51E-004 0.055464 2.716488
157 51.199211 4.193324 50.272363 2.014318 0 0.162886 2.344426 0 0.001819 6.51E-004 0.055461 2.693324
158 51.246021 4.167913 50.258397 2.004457 0 0.162862 2.344386 0 0.001828 6.51E-004 0.055457 2.667913
159 50.785844 4.148242 50.244385 1.994612 0 0.162838 2.344346 0 0.001836 6.51E-004 0.055454 2.648242
160 51.28977 4.131773 50.230288 1.984755 0 0.162814 2.344305 0 0.001845 6.51E-004 0.055451 2.631773
161 50.815551 4.115055 50.216144 1.974913 0 0.162789 2.344264 0 0.001853 6.51E-004 0.055447 2.615055
162 50.882525 4.102828 50.201926 1.965069 0 0.162764 2.344222 0 0.001862 6.51E-004 0.055444 2.602828
163 50.596085 4.098545 50.187648 1.955232 0 0.162739 2.34418 0 0.001871 6.51E-004 0.05544 2.598545
164 51.031416 4.087108 50.173308 1.945402 0 0.162714 2.344138 0 0.00188 6.51E-004 0.055437 2.587108
165 50.658018 4.061531 50.158893 1.935569 0 0.162689 2.344095 0 0.001889 6.51E-004 0.055433 2.561531
166 50.846877 4.02589 50.144415 1.925743 0 0.162663 2.344052 0 0.001898 6.51E-004 0.05543 2.52589
167 50.558817 4.000563 50.129859 1.915914 0 0.162637 2.344008 0 0.001907 6.51E-004 0.055426 2.500563
168 50.610308 3.979935 50.115254 1.906101 0 0.162611 2.343964 0 0.001916 6.51E-004 0.055423 2.479935
169 50.931315 3.960847 50.10057 1.896286 0 0.162585 2.343919 0 0.001925 6.51E-004 0.055419 2.460847
170 50.777203 3.946457 50.085807 1.886469 0 0.162558 2.343875 0 0.001934 6.51E-004 0.055416 2.446457
171 50.748937 3.936393 50.070993 1.876668 0 0.162532 2.343829 0 0.001944 6.51E-004 0.055412 2.436393
172 50.731293 3.923209 50.056097 1.866864 0 0.162505 2.343783 0 0.001953 6.51E-004 0.055408 2.423209
173 50.508226 3.908113 50.041121 1.857058 0 0.162477 2.343737 0 0.001963 6.51E-004 0.055404 2.408113
174 51.070484 3.889897 50.02609 1.847268 0 0.16245 2.343691 0 0.001973 6.51E-004 0.0554 2.389897
175 50.228267 3.86744 50.010977 1.837476 0 0.162422 2.343643 0 0.001983 6.51E-004 0.055397 2.36744
176 50.661438 3.844733 49.99578 1.827681 0 0.162394 2.343596 0 0.001992 6.51E-004 0.055393 2.344733
177 50.030046 3.824355 49.980528 1.817903 0 0.162365 2.343548 0 0.002002 6.51E-004 0.055389 2.324355
178 50.800067 3.803311 49.96519 1.808122 0 0.162336 2.343499 0 0.002012 6.51E-004 0.055385 2.303311
179 50.86146 3.786759 49.949781 1.798349 0 0.162307 2.34345 0 0.002023 6.51E-004 0.055381 2.286759
180 50.636053 3.768876 49.934285 1.788573 0 0.162278 2.3434 0 0.002033 6.51E-004 0.055377 2.268876
181 50.697806 3.751659 49.918716 1.778805 0 0.162249 2.34335 0 0.002043 6.51E-004 0.055373 2.251659
182 50.439092 3.738434 49.903073 1.769043 0 0.162219 2.3433 0 0.002054 6.51E-004 0.055368 2.238434
183 50.552876 3.721674 49.887356 1.759289 0 0.162189 2.343248 0 0.002064 6.51E-004 0.055364 2.221674
184 50.863081 3.70691 49.871549 1.749533 0 0.162158 2.343197 0 0.002075 6.51E-004 0.05536 2.20691
185 50.857499 3.690025 49.855665 1.739784 0 0.162127 2.343145 0 0.002086 6.51E-004 0.055356 2.190025
186 49.974234 3.67131 49.839705 1.730042 0 0.162096 2.343092 0 0.002097 6.51E-004 0.055351 2.17131
187 49.689955 3.652845 49.823651 1.720298 0 0.162065 2.343038 0 0.002108 6.51E-004 0.055347 2.152845
188 49.790956 3.633133 49.807519 1.710561 0 0.162033 2.342985 0 0.002119 6.51E-004 0.055343 2.133133
189 50.09648 3.611632 49.791308 1.700832 0 0.162001 2.34293 0 0.00213 6.51E-004 0.055338 2.111632
190 50.266435 3.592959 49.775001 1.6911 0 0.161969 2.342875 0 0.002141 6.51E-004 0.055334 2.092959
191 50.38202 3.574452 49.758612 1.681376 0 0.161936 2.342819 0 0.002153 6.51E-004 0.055329 2.074452
192 50.459616 3.55582 49.742142 1.67166 0 0.161903 2.342763 0 0.002164 6.51E-004 0.055325 2.05582
193 49.625681 3.538728 49.725589 1.661951 0 0.16187 2.342706 0 0.002176 6.51E-004 0.05532 2.038728
194 49.992598 3.523881 49.708936 1.65224 0 0.161836 2.342649 0 0.002188 6.51E-004 0.055315 2.023881
195 49.917522 3.510656 49.692198 1.642536 0 0.161802 2.342591 0 0.0022 6.51E-004 0.05531 2.010656
196 50.19136 3.498096 49.675374 1.632841 0 0.161768 2.342532 0 0.002212 6.51E-004 0.055306 1.998096
197 50.448094 3.479881 49.658464 1.623152 0 0.161733 2.342473 0 0.002224 6.51E-004 0.055301 1.979881
198 49.868552 3.460251 49.64145 1.613462 0 0.161698 2.342412 0 0.002236 6.51E-004 0.055296 1.960251
199 49.848388 3.442036 49.624347 1.60378 0 0.161662 2.342352 0 0.002249 6.51E-004 0.055291 1.942036
200 49.918783 3.423362 49.607138 1.594096 0 0.161626 2.34229 0 0.002261 6.51E-004 0.055286 1.923362
201 50.388861 3.403442 49.589855 1.584429 0 0.16159 2.342228 0 0.002274 6.51E-004 0.055281 1.903442
202 50.210264 3.385351 49.572463 1.57476 0 0.161553 2.342165 0 0.002287 6.51E-004 0.055276 1.885351
203 49.823903 3.36934 49.554962 1.56509 0 0.161516 2.342102 0 0.0023 6.51E-004 0.05527 1.86934
204 50.029506 3.354368 49.537384 1.555437 0 0.161478 2.342037 0 0.002313 6.51E-004 0.055265 1.854368
205 49.805899 3.340935 49.519693 1.545782 0 0.16144 2.341972 0 0.002326 6.51E-004 0.05526 1.840935
206 49.732984 3.326795 49.501907 1.536135 0 0.161402 2.341907 0 0.00234 6.51E-004 0.055254 1.826795
207 49.869092 3.313279 49.484023 1.526497 0 0.161363 2.34184 0 0.002353 6.51E-004 0.055249 1.813279
208 49.52684 3.29656 49.466024 1.516856 0 0.161324 2.341773 0 0.002367 6.51E-004 0.055243 1.79656
209 50.066414 3.27926 49.447943 1.507234 0 0.161284 2.341705 0 0.002381 6.51E-004 0.055238 1.77926
210 50.134648 3.262167 49.429743 1.49761 0 0.161244 2.341636 0 0.002395 6.51E-004 0.055232 1.762167
211 50.028606 3.247778 49.411423 1.487984 0 0.161203 2.341566 0 0.002409 6.51E-004 0.055226 1.747778
212 49.962532 3.236549 49.393019 1.478377 0 0.161162 2.341495 0 0.002424 6.51E-004 0.055221 1.736549
213 49.95317 3.224031 49.374491 1.468767 0 0.161121 2.341424 0 0.002438 6.51E-004 0.055215 1.724031
214 50.036887 3.209808 49.355858 1.459167 0 0.161079 2.341351 0 0.002453 6.51E-004 0.055209 1.709808
215 49.983956 3.193339 49.3371 1.449565 0 0.161036 2.341278 0 0.002468 6.51E-004 0.055203 1.693339
216 49.707958 3.177411 49.318252 1.43998 0 0.160993 2.341204 0 0.002483 6.51E-004 0.055197 1.677411
217 49.739825 3.160859 49.299276 1.430395 0 0.160949 2.341129 0 0.002498 6.51E-004 0.05519 1.660859
218 49.604617 3.14755 49.280188 1.420818 0 0.160905 2.341053 0 0.002513 6.51E-004 0.055184 1.64755
219 49.375789 3.131913 49.260969 1.41124 0 0.160861 2.340976 0 0.002529 6.51E-004 0.055178 1.631913
220 49.366427 3.118106 49.241656 1.401681 0 0.160816 2.340898 0 0.002544 6.51E-004 0.055172 1.618106
221 49.177567 3.10093 49.222208 1.39212 0 0.16077 2.340819 0 0.00256 6.51E-004 0.055165 1.60093
222 49.871973 3.085792 49.202643 1.382568 0 0.160724 2.340739 0 0.002576 6.51E-004 0.055159 1.585792
223 49.00149 3.071652 49.18296 1.373024 0 0.160677 2.340658 0 0.002593 6.51E-004 0.055152 1.571652
224 49.061623 3.058136 49.163138 1.36348 0 0.160629 2.340576 0 0.002609 6.51E-004 0.055145 1.558136
225 49.14354 3.04541 49.143194 1.353945 0 0.160581 2.340493 0 0.002626 6.51E-004 0.055138 1.54541
226 49.14192 3.032518 49.123128 1.344418 0 0.160533 2.340409 0 0.002643 6.51E-004 0.055131 1.532518
227 49.542324 3.02 49.102937 1.3349 0 0.160484 2.340324 0 0.00266 6.51E-004 0.055124 1.52
228 49.349683 3.007898 49.08262 1.325392 0 0.160434 2.340237 0 0.002677 6.51E-004 0.055117 1.507898
229 49.766831 2.995796 49.062155 1.315882 0 0.160383 2.34015 0 0.002695 6.51E-004 0.05511 1.495796
230 49.711559 2.981947 49.04156 1.306382 0 0.160332 2.340061 0 0.002712 6.51E-004 0.055103 1.481947
231 49.408916 2.96868 49.020834 1.296891 0 0.160281 2.339971 0 0.00273 6.51E-004 0.055096 1.46868
232 49.57419 2.956037 48.999975 1.287409 0 0.160228 2.33988 0 0.002749 6.51E-004 0.055088 1.456037
233 49.180988 2.941191 48.97896 1.277927 0 0.160175 2.339788 0 0.002767 6.51E-004 0.055081 1.441191
234 48.982226 2.927051 48.957809 1.268454 0 0.160121 2.339694 0 0.002786 6.51E-004 0.055073 1.427051
235 49.091689 2.912869 48.936519 1.258991 0 0.160067 2.339599 0 0.002805 6.51E-004 0.055065 1.412869
236 49.470309 2.899727 48.915088 1.249537 0 0.160012 2.339503 0 0.002824 6.51E-004 0.055057 1.399727
237 49.305394 2.887417 48.893516 1.240092 0 0.159956 2.339406 0 0.002843 6.51E-004 0.055049 1.387417
238 49.452665 2.874525 48.871777 1.230648 0 0.159899 2.339307 0 0.002863 6.51E-004 0.055041 1.374525
239 49.272807 2.860801 48.849914 1.221223 0 0.159842 2.339206 0 0.002883 6.51E-004 0.055033 1.360801
240 49.355624 2.846702 48.82788 1.211797 0 0.159784 2.339105 0 0.002903 6.51E-004 0.055025 1.346702
241 49.511897 2.834143 48.805673 1.202373 0 0.159725 2.339001 0 0.002923 6.51E-004 0.055016 1.334143
242 49.646565 2.822082 48.783336 1.192967 0 0.159665 2.338897 0 0.002944 6.51E-004 0.055008 1.322082
243 49.61956 2.808358 48.760845 1.183572 0 0.159604 2.33879 0 0.002965 6.51E-004 0.054999 1.308358
244 48.852599 2.796963 48.738173 1.174177 0 0.159543 2.338683 0 0.002986 6.51E-004 0.05499 1.296963
245 48.914352 2.783738 48.715342 1.164792 0 0.15948 2.338573 0 0.003008 6.51E-004 0.054981 1.283738
246 49.304134 2.768725 48.69235 1.155417 0 0.159417 2.338462 0 0.00303 6.51E-004 0.054972 1.268725
247 48.969804 2.757662 48.669193 1.146053 0 0.159353 2.33835 0 0.003052 6.51E-004 0.054963 1.257662
248 48.454175 2.745436 48.645846 1.136689 0 0.159288 2.338235 0 0.003074 6.51E-004 0.054954 1.245436
249 48.358935 2.732668 48.622354 1.127346 0 0.159222 2.338119 0 0.003097 6.51E-004 0.054944 1.232668
250 48.443913 2.722437 48.598666 1.118003 0 0.159155 2.338001 0 0.00312 6.51E-004 0.054935 1.222437
251 49.018234 2.710377 48.574804 1.108671 0 0.159088 2.337882 0 0.003143 6.51E-004 0.054925 1.210377
252 48.990328 2.700313 48.550766 1.09935 0 0.159019 2.33776 0 0.003167 6.52E-004 0.054915 1.200313
253 48.90625 2.689749 48.526523 1.09003 0 0.158949 2.337637 0 0.003191 6.52E-004 0.054905 1.189749
254 48.784365 2.677148 48.502123 1.08073 0 0.158878 2.337512 0 0.003216 6.52E-004 0.054895 1.177148
255 48.813891 2.667167 48.477513 1.071432 0 0.158806 2.337384 0 0.00324 6.52E-004 0.054884 1.167167
256 48.840536 2.65469 48.45274 1.062155 0 0.158733 2.337255 0 0.003265 6.52E-004 0.054874 1.15469
257 48.439232 2.641299 48.427751 1.052879 0 0.158659 2.337124 0 0.003291 6.52E-004 0.054863 1.141299
258 48.281699 2.629946 48.402568 1.043614 0 0.158584 2.33699 0 0.003317 6.52E-004 0.054852 1.129946
259 48.52583 2.618883 48.377189 1.034361 0 0.158508 2.336855 0 0.003343 6.52E-004 0.054841 1.118883
260 48.519529 2.606864 48.351583 1.02511 0 0.15843 2.336717 0 0.00337 6.52E-004 0.05483 1.106864
261 49.011392 2.595594 48.3258 1.01588 0 0.158351 2.336577 0 0.003397 6.52E-004 0.054819 1.095594
262 48.766361 2.583575 48.299784 1.006652 0 0.158272 2.336434 0 0.003424 6.52E-004 0.054807 1.083575
263 48.413487 2.570142 48.273585 0.997446 0 0.15819 2.33629 0 0.003452 6.52E-004 0.054796 1.070142
264 48.420688 2.559786 48.247145 0.988242 0 0.158108 2.336142 0 0.00348 6.52E-004 0.054784 1.059786
265 48.646096 2.550013 48.220489 0.97905 0 0.158024 2.335993 0 0.003509 6.52E-004 0.054772 1.050013
266 48.168816 2.542028 48.193612 0.969871 0 0.157939 2.335841 0 0.003538 6.52E-004 0.054759 1.042028
267 48.577321 2.533919 48.166511 0.960704 0 0.157853 2.335686 0 0.003567 6.52E-004 0.054747 1.033919
268 48.541314 2.524811 48.139183 0.951549 0 0.157765 2.335528 0 0.003597 6.52E-004 0.054734 1.024811
269 48.385041 2.515662 48.111594 0.942397 0 0.157676 2.335368 0 0.003628 6.52E-004 0.054721 1.015662
270 48.106523 2.505306 48.083798 0.933268 0 0.157585 2.335205 0 0.003659 6.52E-004 0.054708 1.005306
271 48.110843 2.49362 48.055733 0.924142 0 0.157493 2.335039 0 0.00369 6.52E-004 0.054694 0.99362
272 48.122366 2.482474 48.027454 0.915039 0 0.157399 2.33487 0 0.003722 6.52E-004 0.054681 0.982474
273 48.172596 2.47137 47.998897 0.905939 0 0.157304 2.334698 0 0.003755 6.52E-004 0.054667 0.97137
274 47.971314 2.462096 47.970088 0.896853 0 0.157207 2.334523 0 0.003788 6.52E-004 0.054653 0.962096
275 48.122006 2.453612 47.941052 0.887789 0 0.157108 2.334345 0 0.003822 6.52E-004 0.054639 0.953612
276 48.23957 2.443132 47.911724 0.87873 0 0.157008 2.334163 0 0.003856 6.53E-004 0.054624 0.943132
277 47.932246 2.435147 47.88213 0.869685 0 0.156906 2.333978 0 0.00389 6.53E-004 0.054609 0.935147
278 47.95205 2.423586 47.852266 0.860654 0 0.156802 2.33379 0 0.003926 6.53E-004 0.054594 0.923586
279 47.638604 2.413896 47.822094 0.851627 0 0.156696 2.333598 0 0.003961 6.53E-004 0.054579 0.913896
280 47.2364 2.406784 47.791672 0.842624 0 0.156589 2.333402 0 0.003998 6.53E-004 0.054563 0.906784
281 47.355405 2.396803 47.760965 0.833636 0 0.15648 2.333203 0 0.004035 6.53E-004 0.054547 0.896803
282 46.966884 2.388069 47.729967 0.824663 0 0.156368 2.333 0 0.004073 6.53E-004 0.054531 0.888069
283 46.953921 2.379669 47.698672 0.815704 0 0.156255 2.332793 0 0.004111 6.53E-004 0.054514 0.879669
284 46.941138 2.36948 47.667041 0.806751 0 0.15614 2.332582 0 0.00415 6.53E-004 0.054497 0.86948
285 47.248823 2.362534 47.635136 0.797823 0 0.156022 2.332367 0 0.00419 6.53E-004 0.05448 0.862534
286 47.6197 2.352054 47.602917 0.78891 0 0.155903 2.332147 0 0.00423 6.53E-004 0.054463 0.852054
287 47.75977 2.342447 47.570344 0.780004 0 0.155781 2.331923 0 0.004271 6.53E-004 0.054445 0.842447
288 48.266576 2.333173 47.537479 0.771123 0 0.155657 2.331695 0 0.004313 6.53E-004 0.054427 0.833173
289 48.009122 2.324481 47.504247 0.762249 0 0.15553 2.331461 0 0.004356 6.53E-004 0.054408 0.824481
290 47.746447 2.31608 47.470711 0.7534 0 0.155402 2.331223 0 0.004399 6.54E-004 0.054389 0.81608
291 47.324078 2.306058 47.43683 0.744568 0 0.15527 2.33098 0 0.004443 6.54E-004 0.05437 0.806058
292 47.211195 2.297948 47.40256 0.735744 0 0.155137 2.330732 0 0.004488 6.54E-004 0.05435 0.797948
293 47.700897 2.290171 47.367966 0.726946 0 0.155 2.330479 0 0.004534 6.54E-004 0.05433 0.790171
294 46.793867 2.280689 47.332969 0.718156 0 0.154861 2.33022 0 0.00458 6.54E-004 0.05431 0.780689
295 46.724013 2.272704 47.297634 0.709393 0 0.154719 2.329956 0 0.004628 6.54E-004 0.054289 0.772704
296 47.199132 2.264428 47.261918 0.700648 0 0.154575 2.329686 0 0.004676 6.54E-004 0.054268 0.764428
297 46.632913 2.25636 47.225811 0.691921 0 0.154427 2.32941 0 0.004726 6.54E-004 0.054246 0.75636
298 46.748318 2.249955 47.189307 0.683213 0 0.154277 2.329128 0 0.004776 6.54E-004 0.054224 0.749955
299 47.47261 2.242594 47.152357 0.674514 0 0.154123 2.32884 0 0.004827 6.54E-004 0.054201 0.742594
300 47.38151 2.234402 47.115031 0.665843 0 0.153967 2.328545 0 0.004879 6.54E-004 0.054178 0.734402
301 47.078867 2.227831 47.077281 0.657192 0 0.153807 2.328244 0 0.004933 6.55E-004 0.054155 0.727831
302 47.020535 2.219471 47.039098 0.64856 0 0.153644 2.327935 0 0.004987 6.55E-004 0.054131 0.719471
303 46.76164 2.213815 47.000514 0.639958 0 0.153477 2.32762 0 0.005042 6.55E-004 0.054106 0.713815
304 47.072566 2.206496 46.961436 0.631366 0 0.153307 2.327297 0 0.005099 6.55E-004 0.054081 0.706496
305 46.899009 2.198428 46.921896 0.622796 0 0.153134 2.326967 0 0.005156 6.55E-004 0.054055 0.698428
306 46.71285 2.192813 46.881926 0.614256 0 0.152956 2.326629 0 0.005215 6.55E-004 0.054029 0.692813
307 46.970664 2.184745 46.841474 0.605737 0 0.152775 2.326283 0 0.005275 6.55E-004 0.054002 0.684745
308 46.619231 2.177218 46.800484 0.59723 0 0.15259 2.325927 0 0.005336 6.55E-004 0.053975 0.677218
309 46.312266 2.169441 46.759033 0.588755 0 0.1524 2.325564 0 0.005398 6.56E-004 0.053946 0.669441
310 46.42695 2.16208 46.717066 0.580303 0 0.152207 2.325192 0 0.005462 6.56E-004 0.053918 0.66208
311 46.528131 2.154303 46.67457 0.571873 0 0.152009 2.32481 0 0.005527 6.56E-004 0.053888 0.654303
312 46.179218 2.146692 46.63158 0.563476 0 0.151807 2.324419 0 0.005594 6.56E-004 0.053858 0.646692
313 46.651457 2.139622 46.587989 0.555094 0 0.1516 2.324018 0 0.005662 6.56E-004 0.053828 0.639622
314 46.385182 2.13301 46.543879 0.546745 0 0.151389 2.323607 0 0.005731 6.56E-004 0.053796 0.63301
315 45.985138 2.125274 46.49919 0.538421 0 0.151173 2.323185 0 0.005802 6.56E-004 0.053764 0.625274
316 45.576092 2.118412 46.453907 0.530122 0 0.150951 2.322751 0 0.005874 6.57E-004 0.053731 0.618412
317 46.156894 2.111176 46.408015 0.521849 0 0.150725 2.322307 0 0.005948 6.57E-004 0.053697 0.611176
318 46.240971 2.104938 46.36155 0.513611 0 0.150493 2.321851 0 0.006023 6.57E-004 0.053662 0.604938
319 46.004942 2.098409 46.314447 0.5054 0 0.150256 2.321382 0 0.006101 6.57E-004 0.053627 0.598409
320 45.794118 2.090923 46.26669 0.497216 0 0.150013 2.320901 0 0.006179 6.57E-004 0.053591 0.590923
321 46.079657 2.085683 46.218263 0.48906 0 0.149764 2.320406 0 0.00626 6.58E-004 0.053553 0.585683
322 46.23323 2.079985 46.169201 0.480941 0 0.149509 2.319898 0 0.006343 6.58E-004 0.053515 0.579985
323 45.66287 2.072499 46.119379 0.472842 0 0.149247 2.319375 0 0.006427 6.58E-004 0.053476 0.572499
324 45.70914 2.06701 46.068945 0.464791 0 0.14898 2.318838 0 0.006513 6.58E-004 0.053436 0.56701
325 45.941929 2.061354 46.017714 0.45676 0 0.148706 2.318286 0 0.006602 6.58E-004 0.053395 0.561354
326 45.782595 2.055531 45.965778 0.44877 0 0.148425 2.317717 0 0.006692 6.59E-004 0.053352 0.555531
327 45.059383 2.049168 45.913061 0.440811 0 0.148136 2.317132 0 0.006785 6.59E-004 0.053309 0.549168
328 45.369228 2.042556 45.859542 0.432884 0 0.147841 2.316529 0 0.006879 6.59E-004 0.053264 0.542556
329 45.28083 2.037524 45.80526 0.424999 0 0.147538 2.315909 0 0.006976 6.59E-004 0.053219 0.537524
330 45.366168 2.034654 45.750133 0.417148 0 0.147227 2.31527 0 0.007076 6.60E-004 0.053172 0.534654
331 45.576092 2.029248 45.6942 0.409339 0 0.146908 2.314612 0 0.007177 6.60E-004 0.053123 0.529248
332 45.695097 2.02355 45.637376 0.401566 0 0.14658 2.313934 0 0.007281 6.60E-004 0.053074 0.52355
333 45.28209 2.017104 45.579636 0.393828 0 0.146244 2.313234 0 0.007388 6.60E-004 0.053023 0.517104
334 45.015094 2.011198 45.521019 0.386136 0 0.145899 2.312512 0 0.007497 6.61E-004 0.052971 0.511198
335 44.723613 2.006624 45.461434 0.378481 0 0.145545 2.311768 0 0.007609 6.61E-004 0.052917 0.506624
336 44.962343 2.001051 45.400922 0.370874 0 0.145181 2.311 0 0.007724 6.61E-004 0.052862 0.501051
337 45.498496 1.995603 45.339388 0.363305 0 0.144807 2.310207 0 0.007841 6.62E-004 0.052805 0.495603
338 44.885107 1.990238 45.276871 0.355786 0 0.144423 2.309388 0 0.007961 6.62E-004 0.052746 0.490238
339 44.505947 1.984457 45.213272 0.348307 0 0.144029 2.308542 0 0.008085 6.62E-004 0.052686 0.484457
340 44.313667 1.981047 45.148632 0.340879 0 0.143623 2.307668 0 0.008212 6.63E-004 0.052624 0.481047
341 45.266247 1.97535 45.082847 0.333495 0 0.143206 2.306764 0 0.008341 6.63E-004 0.05256 0.47535
342 45.033998 1.970109 45.015956 0.326162 0 0.142778 2.30583 0 0.008475 6.63E-004 0.052495 0.470109
343 44.865303 1.965535 44.947851 0.318875 0 0.142337 2.304863 0 0.008611 6.64E-004 0.052427 0.465535
344 44.987728 1.959463 44.878573 0.311643 0 0.141884 2.303862 0 0.008751 6.64E-004 0.052358 0.459463
345 44.493525 1.95547 44.808087 0.304466 0 0.141418 2.302827 0 0.008895 6.64E-004 0.052286 0.45547
346 43.961333 1.951312 44.736357 0.297346 0 0.140939 2.301756 0 0.009042 6.65E-004 0.052212 0.451312
347 44.054953 1.945365 44.663261 0.290276 0 0.140446 2.300645 0 0.009193 6.65E-004 0.052136 0.445365
348 44.354896 1.941039 44.588757 0.283257 0 0.139938 2.299493 0 0.009349 6.66E-004 0.052057 0.441039
349 44.308986 1.936049 44.512973 0.276306 0 0.139416 2.298301 0 0.009508 6.66E-004 0.051977 0.436049
350 44.051892 1.931765 44.435693 0.269408 0 0.138878 2.297063 0 0.009671 6.67E-004 0.051893 0.431765
351 43.988699 1.927149 44.356962 0.262573 0 0.138325 2.29578 0 0.009839 6.67E-004 0.051807 0.427149
352 43.885357 1.920703 44.276732 0.255802 0 0.137755 2.294448 0 0.010011 6.68E-004 0.051719 0.420703
353 43.600357 1.917126 44.194957 0.249097 0 0.137169 2.293066 0 0.010188 6.68E-004 0.051627 0.417126
354 43.623582 1.912344 44.111491 0.24245 0 0.136564 2.291629 0 0.010369 6.69E-004 0.051533 0.412344
355 43.387013 1.90727 44.026476 0.23588 0 0.135943 2.290138 0 0.010556 6.69E-004 0.051435 0.40727
356 43.387013 1.903901 43.939664 0.229371 0 0.135302 2.288587 0 0.010747 6.70E-004 0.051335 0.403901
357 43.031978 1.899493 43.851095 0.222932 0 0.134642 2.286975 0 0.010943 6.70E-004 0.051231 0.399493
358 42.689546 1.896623 43.760821 0.216574 0 0.133963 2.2853 0 0.011144 6.71E-004 0.051124 0.396623
359 43.016495 1.892964 43.668573 0.210282 0 0.133263 2.283555 0 0.011351 6.72E-004 0.051013 0.392964
360 43.129919 1.887557 43.574392 0.204066 0 0.132542 2.281738 0 0.011563 6.72E-004 0.050899 0.387557
361 42.65732 1.883773 43.478332 0.197933 0 0.1318 2.279849 0 0.011781 6.73E-004 0.050781 0.383773
362 42.769303 1.878948 43.380099 0.191872 0 0.131035 2.277879 0 0.012004 6.74E-004 0.05066 0.378948
363 42.489885 1.874956 43.279859 0.185897 0 0.130248 2.275829 0 0.012233 6.75E-004 0.050534 0.374956
364 42.742298 1.872918 43.177427 0.180004 0 0.129437 2.273691 0 0.012468 6.75E-004 0.050404 0.372918
365 42.839338 1.868718 43.072729 0.174195 0 0.128602 2.271461 0 0.012709 6.76E-004 0.05027 0.368718
366 42.66074 1.865807 42.965822 0.168476 0 0.127742 2.269138 0 0.012956 6.77E-004 0.050131 0.365807
367 42.585125 1.862022 42.856371 0.162838 0 0.126857 2.266709 0 0.01321 6.78E-004 0.049988 0.362022
368 42.51779 1.858238 42.744694 0.1573 0 0.125947 2.26418 0 0.01347 6.79E-004 0.049841 0.358238
369 42.735816 1.855742 42.630311 0.151846 0 0.125009 2.261535 0 0.013736 6.80E-004 0.049688 0.355742
370 42.540475 1.85175 42.513412 0.146488 0 0.124044 2.258775 0 0.014009 6.80E-004 0.04953 0.35175
371 42.243053 1.848548 42.393774 0.141224 0 0.123051 2.25589 0 0.014289 6.81E-004 0.049367 0.348548
372 42.057254 1.846011 42.271456 0.13606 0 0.122031 2.252877 0 0.014575 6.82E-004 0.049199 0.346011
373 41.663151 1.84181 42.146377 0.130997 0 0.120983 2.249729 0 0.014868 6.84E-004 0.049026 0.34181
374 41.648568 1.839481 42.018294 0.126032 0 0.119905 2.246435 0 0.015168 6.85E-004 0.048846 0.339481
375 41.775135 1.835697 41.887272 0.121171 0 0.118798 2.242993 0 0.015474 6.86E-004 0.048662 0.335697
376 42.146913 1.832453 41.753224 0.116416 0 0.117662 2.239393 0 0.015787 6.87E-004 0.048471 0.332453
377 41.460069 1.830706 41.615887 0.111763 0 0.116495 2.235623 0 0.016107 6.88E-004 0.048274 0.330706
378 41.291913 1.826506 41.475509 0.107223 0 0.1153 2.231685 0 0.016434 6.89E-004 0.048071 0.326506
379 40.854062 1.823886 41.331649 0.102786 0 0.114073 2.227559 0 0.016767 6.91E-004 0.047862 0.323886
380 40.907173 1.821266 41.184383 0.09846 0 0.112817 2.22324 0 0.017108 6.92E-004 0.047646 0.321266
381 40.596428 1.818895 41.033804 0.094249 0 0.111532 2.218725 0 0.017454 6.93E-004 0.047424 0.318895
382 40.32313 1.815735 40.879439 0.090146 0 0.110215 2.213993 0 0.017807 6.95E-004 0.047194 0.315735
383 40.128509 1.811576 40.721575 0.086159 0 0.108871 2.209044 0 0.018166 6.96E-004 0.046959 0.311576
384 40.070717 1.809039 40.559715 0.082281 0 0.107495 2.203856 0 0.018532 6.98E-004 0.046716 0.309039
385 39.630165 1.805213 40.394379 0.078525 0 0.106094 2.198437 0 0.018903 6.99E-004 0.046466 0.305213
386 39.614862 1.802551 40.224846 0.074879 0 0.104664 2.192754 0 0.019281 7.01E-004 0.046209 0.302551
387 39.929388 1.801096 40.051446 0.07135 0 0.103208 2.186812 0 0.019663 7.02E-004 0.045946 0.301096
388 39.451747 1.796854 39.874097 0.067939 0 0.101727 2.180597 0 0.020051 7.04E-004 0.045675 0.296854
389 39.135241 1.794649 39.692481 0.064641 0 0.100221 2.174092 0 0.020444 7.06E-004 0.045396 0.294649
390 39.70362 1.7897 39.506742 0.061461 0 0.098693 2.16729 0 0.020841 7.08E-004 0.045111 0.2897
391 39.22454 1.787039 39.316552 0.058392 0 0.097141 2.160172 0 0.021243 7.09E-004 0.044818 0.287039
392 39.002733 1.784336 39.12233 0.055443 0 0.095573 2.152744 0 0.021648 7.11E-004 0.044519 0.284336
393 38.914695 1.780925 38.923495 0.052604 0 0.093985 2.144975 0 0.022057 7.13E-004 0.044212 0.280925
394 38.459739 1.778139 38.720228 0.049878 0 0.092382 2.136863 0 0.02247 7.15E-004 0.043898 0.278139
395 38.088322 1.773939 38.512742 0.047267 0 0.090767 2.128407 0 0.022884 7.17E-004 0.043578 0.273939
396 38.024048 1.770903 38.300421 0.044763 0 0.089139 2.119576 0 0.023301 7.19E-004 0.04325 0.270903
397 38.182481 1.767742 38.083776 0.04237 0 0.087503 2.110381 0 0.02372 7.21E-004 0.042916 0.267742
398 37.586196 1.765371 37.862472 0.040083 0 0.085861 2.100802 0 0.02414 7.24E-004 0.042575 0.265371
399 37.865975 1.762835 37.636773 0.037903 0 0.084218 2.090843 0 0.02456 7.26E-004 0.042228 0.262835
400 37.566932 1.758925 37.406339 0.035824 0 0.082573 2.080483 0 0.024982 7.28E-004 0.041874 0.258925
401 37.191193 1.75618 37.171133 0.033845 0 0.080929 2.069716 0 0.025403 7.30E-004 0.041515 0.25618
402 36.805012 1.751855 36.931459 0.031965 0 0.079291 2.058552 0 0.025823 7.32E-004 0.041149 0.251855
403 36.630196 1.748819 36.687317 0.030181 0 0.077662 2.046987 0 0.026242 7.35E-004 0.040779 0.248819
404 36.337094 1.746199 36.438713 0.02849 0 0.076045 2.035022 0 0.02666 7.37E-004 0.040403 0.246199
405 35.826687 1.742456 36.18566 0.02689 0 0.074443 2.022657 0 0.027075 7.39E-004 0.040023 0.242456
406 35.760613 1.740834 35.928178 0.025377 0 0.072857 2.009895 0 0.027488 7.42E-004 0.039637 0.240834
407 35.544748 1.737216 35.666292 0.023948 0 0.071291 1.996741 0 0.027898 7.44E-004 0.039248 0.237216
408 35.433485 1.733848 35.400035 0.0226 0 0.069748 1.983201 0 0.028305 7.47E-004 0.038854 0.233848
409 35.194035 1.730354 35.129446 0.021329 0 0.068229 1.969285 0 0.028708 7.49E-004 0.038457 0.230354
410 34.868166 1.726195 34.854978 0.020134 0 0.066739 1.955024 0 0.029107 7.52E-004 0.038057 0.226195
411 34.447598 1.723617 34.57629 0.01901 0 0.065278 1.940413 0 0.029502 7.54E-004 0.037654 0.223617
412 34.141894 1.719541 34.29344 0.017953 0 0.063848 1.925466 0 0.029892 7.57E-004 0.037248 0.219541
413 33.876698 1.716381 34.006922 0.016962 0 0.062452 1.910225 0 0.030276 7.59E-004 0.03684 0.216381
414 33.688559 1.712513 33.71683 0.016033 0 0.061091 1.89471 0 0.030656 7.62E-004 0.036431 0.212513
415 33.556411 1.709228 33.422804 0.015163 0 0.059766 1.87892 0 0.03103 7.64E-004 0.03602 0.209228
416 33.338025 1.706067 33.125845 0.014349 0 0.058481 1.862928 0 0.031397 7.67E-004 0.035608 0.206067
417 33.110098 1.702282 32.824658 0.013586 0 0.057231 1.846686 0 0.03176 7.69E-004 0.035195 0.202282
418 32.346377 1.699787 32.520743 0.012874 0 0.056022 1.830295 0 0.032116 7.72E-004 0.034782 0.199787
419 31.985762 1.697791 32.213738 0.012208 0 0.054852 1.813759 0 0.032465 7.74E-004 0.03437 0.197791
420 31.889622 1.695379 31.903748 0.011587 0 0.053723 1.797106 0 0.032808 7.77E-004 0.033957 0.195379
421 31.620465 1.69305 31.590876 0.011007 0 0.052633 1.780366 0 0.033145 7.79E-004 0.033546 0.19305
422 31.40676 1.690762 31.275225 0.010465 0 0.051583 1.763567 0 0.033475 7.82E-004 0.033135 0.190762
423 31.199537 1.688517 30.956897 0.009959 0 0.050572 1.746739 0 0.033799 7.85E-004 0.032725 0.188517
424 30.826499 1.687103 30.63599 0.009487 0 0.0496 1.72991 0 0.034116 7.87E-004 0.032318 0.187103
425 30.566704 1.685398 30.313152 0.009048 0 0.048667 1.713138 0 0.034427 7.90E-004 0.031912 0.185398
426 29.997965 1.684399 29.987944 0.008637 0 0.047772 1.69642 0 0.03473 7.92E-004 0.031508 0.184399
427 29.667055 1.682694 29.660455 0.008254 0 0.046912 1.679783 0 0.035028 7.95E-004 0.031107 0.182694
428 29.44813 1.68128 29.330771 0.007895 0 0.046089 1.663251 0 0.035319 7.98E-004 0.030708 0.18128
429 29.229564 1.680657 28.999562 0.007561 0 0.045301 1.646877 0 0.035604 8.00E-004 0.030312 0.180657
430 28.512833 1.679866 28.666936 0.007249 0 0.044547 1.630682 0 0.035881 8.03E-004 0.02992 0.179866
431 28.11279 1.679243 28.332382 0.006957 0 0.043826 1.614658 0 0.036153 8.06E-004 0.029531 0.179243
432 27.647032 1.678827 27.995969 0.006684 0 0.043136 1.598822 0 0.036419 8.08E-004 0.029145 0.178827
433 27.415323 1.677205 27.658389 0.006428 0 0.042477 1.583221 0 0.036679 8.11E-004 0.028762 0.177205
434 26.981612 1.676248 27.319729 0.006188 0 0.041848 1.567869 0 0.036933 8.14E-004 0.028384 0.176248
435 26.97099 1.675666 26.979421 0.005963 0 0.041246 1.552749 0 0.037181 8.17E-004 0.028009 0.175666
436 27.184695 1.674668 26.638173 0.005752 0 0.040672 1.537903 0 0.037423 8.19E-004 0.027639 0.174668
437 26.889433 1.674668 26.295388 0.005553 0 0.040123 1.52331 0 0.037661 8.22E-004 0.027272 0.174668
438 26.375965 1.67342 25.951786 0.005366 0 0.039599 1.509007 0 0.037893 8.25E-004 0.026909 0.17342
439 25.769598 1.673462 25.606737 0.00519 0 0.039098 1.494972 0 0.03812 8.28E-004 0.026551 0.173462
440 25.381437 1.672963 25.261681 0.005024 0 0.038621 1.481266 0 0.038341 8.31E-004 0.026197 0.172963
441 24.984814 1.672048 24.915275 0.004867 0 0.038164 1.467837 0 0.038558 8.34E-004 0.025848 0.172048
442 24.620417 1.672422 24.568267 0.004718 0 0.037729 1.454714 0 0.03877 8.37E-004 0.025503 0.172422
443 24.49259 1.671216 24.219966 0.004577 0 0.037312 1.441871 0 0.038978 8.41E-004 0.025162 0.171216
444 23.928532 1.671299 23.871138 0.004444 0 0.036914 1.429335 0 0.039182 8.44E-004 0.024826 0.171299
445 23.737512 1.671216 23.521825 0.004317 0 0.036534 1.417106 0 0.039381 8.47E-004 0.024494 0.171216
446 23.267433 1.669844 23.172068 0.004196 0 0.03617 1.405181 0 0.039576 8.51E-004 0.024168 0.169844
447 22.839844 1.670551 22.821907 0.004081 0 0.035823 1.393558 0 0.039768 8.54E-004 0.023846 0.170551
448 22.318814 1.669968 22.470573 0.003971 0 0.035491 1.382207 0 0.039956 8.58E-004 0.023528 0.169968
449 22.124374 1.670301 22.118877 0.003866 0 0.035172 1.371152 0 0.04014 8.62E-004 0.023215 0.170301
450 21.706326 1.670759 21.766851 0.003765 0 0.034868 1.360387 0 0.040321 8.66E-004 0.022906 0.170759
451 21.1041 1.670509 21.414525 0.003669 0 0.034577 1.349907 0 0.040498 8.70E-004 0.022603 0.170509
452 20.896336 1.670176 21.061064 0.003576 0 0.034297 1.339684 0 0.040673 8.74E-004 0.022303 0.170176
453 20.323276 1.668388 20.708206 0.003488 0 0.034031 1.329762 0 0.040845 8.78E-004 0.022009 0.168388
454 19.845996 1.669012 20.354232 0.003402 0 0.033774 1.320085 0 0.041014 8.82E-004 0.021719 0.169012
455 19.891905 1.667432 20.00003 0.003319 0 0.033529 1.310673 0 0.04118 8.87E-004 0.021433 0.167432
456 19.745895 1.667847 19.645621 0.00324 0 0.033293 1.30152 0 0.041343 8.91E-004 0.021153 0.167847
457 19.097399 1.667556 19.291026 0.003163 0 0.033067 1.29262 0 0.041504 8.96E-004 0.020876 0.167556
458 18.871632 1.666974 18.9353 0.003088 0 0.03285 1.283945 0 0.041663 9.01E-004 0.020604 0.166974
459 18.468887 1.667348 18.580375 0.003016 0 0.032643 1.275535 0 0.04182 9.06E-004 0.020337 0.167348
460 17.993767 1.666517 18.224318 0.002947 0 0.032443 1.267338 0 0.041974 9.12E-004 0.020074 0.166517
461 17.990347 1.666683 17.868111 0.002879 0 0.032251 1.259371 0 0.042127 9.17E-004 0.019815 0.166683
462 17.418907 1.666433 17.51177 0.002813 0 0.032066 1.25163 0 0.042277 9.23E-004 0.019561 0.166433
463 16.927944 1.666101 17.155311 0.002749 0 0.031889 1.244109 0 0.042426 9.29E-004 0.019311 0.166101
464 16.973854 1.666433 16.79875 0.002687 0 0.031719 1.236802 0 0.042573 9.35E-004 0.019065 0.166433
465 16.579391 1.666142 16.442101 0.002626 0 0.031555 1.229704 0 0.042718 9.42E-004 0.018824 0.166142
466 15.996068 1.666433 16.085381 0.002567 0 0.031398 1.22281 0 0.042862 9.49E-004 0.018588 0.166433
467 15.487822 1.665227 15.727435 0.002509 0 0.031246 1.216094 0 0.043004 9.56E-004 0.018355 0.165227
468 15.149531 1.665602 15.37059 0.002453 0 0.031101 1.209595 0 0.043145 9.63E-004 0.018127 0.165602
469 15.067254 1.664687 15.012493 0.002397 0 0.03096 1.203264 0 0.043285 9.71E-004 0.017902 0.164687
470 14.770912 1.664396 14.654326 0.002343 0 0.030825 1.19712 0 0.043423 9.79E-004 0.017682 0.164396
471 14.290751 1.665186 14.297386 0.002291 0 0.030696 1.191179 0 0.04356 9.88E-004 0.017467 0.165186
472 13.99927 1.664437 13.939149 0.002239 0 0.030571 1.185395 0 0.043695 9.97E-004 0.017255 0.164437
473 13.795287 1.664936 13.58088 0.002188 0 0.030451 1.179787 0 0.04383 0.001006 0.017048 0.164936
474 13.018784 1.663938 13.222594 0.002138 0 0.030335 1.174349 0 0.043964 0.001016 0.016845 0.163938
475 12.938127 1.664271 12.864304 0.00209 0 0.030224 1.169081 0 0.044097 0.001027 0.016646 0.164271
476 12.798238 1.665934 12.504556 0.002041 0 0.030116 1.163957 0 0.044229 0.001038 0.01645 0.165934
477 12.497755 1.66477 12.146263 0.001994 0 0.030014 1.159017 0 0.04436 0.00105 0.016259 0.16477
478 11.828014 1.665352 11.788013 0.001948 0 0.029915 1.154237 0 0.04449 0.001062 0.016073 0.165352
479 11.740156 1.664437 11.428214 0.001902 0 0.02982 1.149596 0 0.04462 0.001076 0.015889 0.164437
480 11.382061 1.664229 11.070054 0.001857 0 0.029729 1.145133 0 0.044749 0.00109 0.015711 0.164229
481 10.829165 1.664479 10.710276 0.001812 0 0.029641 1.140805 0 0.044877 0.001105 0.015536 0.164479
482 10.522741 1.663564 10.35228 0.001768 0 0.029557 1.136653 0 0.045004 0.001121 0.015367 0.163564
483 10.242062 1.66398 9.99259 0.001724 0 0.029477 1.132635 0 0.045132 0.001138 0.0152 0.16398
484 9.75704 1.663065 9.63294 0.001681 0 0.0294 1.128772 0 0.045259 0.001157 0.015038 0.163065
485 9.353936 1.662649 9.273349 0.001638 0 0.029326 1.125064 0 0.045385 0.001177 0.01488 0.162649
486 8.982158 1.662691 8.913835 0.001596 0 0.029256 1.121513 0 0.045511 0.001198 0.014727 0.162691
487 8.379931 1.661984 8.554424 0.001553 0 0.029189 1.118119 0 0.045637 0.001222 0.014578 0.161984
488 8.155064 1.662108 8.19514 0.001511 0 0.029126 1.114887 0 0.045762 0.001247 0.014433 0.162108
489 7.926236 1.6619 7.836017 0.001469 0 0.029066 1.111819 0 0.045888 0.001275 0.014293 0.1619
490 7.397825 1.661859 7.477088 0.001427 0 0.02901 1.108919 0 0.046013 0.001305 0.014158 0.161859
491 7.233451 1.661526 7.115828 0.001385 0 0.028957 1.106176 0 0.046139 0.001339 0.014027 0.161526
492 6.913164 1.661318 6.757295 0.001343 0 0.028908 1.103634 0 0.046264 0.001376 0.013901 0.161318
493 6.795239 1.662108 6.399101 0.0013 0 0.028863 1.101283 0 0.04639 0.001417 0.013781 0.162108
494 6.394655 1.661027 6.0383 0.001257 0 0.028821 1.099118 0 0.046516 0.001463 0.013664 0.161027
495 5.967965 1.661277 5.677633 0.001214 0 0.028784 1.097171 0 0.046643 0.001515 0.013554 0.161277
496 5.207486 1.661401 5.320557 0.00117 0 0.028752 1.095478 0 0.04677 0.001573 0.01345 0.161401
497 4.979918 1.660944 4.96054 0.001125 0 0.028724 1.094029 0 0.046898 0.00164 0.013351 0.160944
498 4.785117 1.660944 4.600864 0.001079 0 0.028702 1.09287 0 0.047027 0.001717 0.013259 0.160944
499 4.444306 1.660278 4.241637 0.001031 0 0.028686 1.092042 0 0.047158 0.001807 0.013173 0.160278
500 4.076309 1.660819 3.883006 9.82E-004 0 0.028678 1.091593 0 0.047289 0.001914 0.013095 0.160819
501 3.761243 1.661401 3.525176 9.31E-004 0 0.028677 1.091592 0 0.047422 0.002041 0.013025 0.161401
502 3.592187 1.661235 3.168443 8.78E-004 0 0.028687 1.09213 0 0.047557 0.002196 0.012964 0.161235
503 3.17792 1.661984 2.806975 8.21E-004 0 0.02871 1.093361 0 0.047697 0.002392 0.012912 0.161984
504 2.535366 1.661235 2.453184 7.60E-004 0 0.028749 1.095434 0 0.047837 0.002639 0.012871 0.161235
505 1.918556 1.661193 2.094303 6.95E-004 0 0.02881 1.098723 0 0.047982 0.002971 0.012843 0.161193
506 1.872647 1.662025 1.737463 6.23E-004 0 0.028903 1.10369 0 0.048133 0.003432 0.012829 0.162025
507 1.88975 1.661443 1.384392 5.43E-004 0 0.029044 1.111172 0 0.048288 0.004109 0.012833 0.161443
508 1.218389 1.662441 1.039006 4.54E-004 0 0.029264 1.1227 0 0.04845 0.005181 0.012857 0.162441
509 1.2679 1.661817 0.69124 3.48E-004 0 0.029651 1.142723 0 0.048626 0.007205 0.012909 0.161817
510 0.692139 1.661318 0.345583 2.19E-004 0 0.030503 1.185596 0 0.048829 0.012232 0.012997 0.161318
511 0.762534 1.661734 0.070835 8.55E-005 0 0.033355 1.315024 0 0.049076 0.02838 0.013107 0.161734
512 0.294796 1.661401 0.001854 4.31E-005 0 0.045196 1.671963 0 0.049414 0.043284 0.01314 0.161401
513 0.398137 1.662316 9.63E-005 4.18E-005 0 0.063808 1.959895 0 0.049763 0.043811 0.013135 0.162316
514 0.253927 1.663023 2.82E-005 4.16E-005 0 0.089562 2.156521 0 0.050174 0.043839 0.01313 0.163023
515 0.223501 1.66581 2.43E-005 4.16E-005 0 0.127093 2.290196 0 0.050785 0.043851 0.013124 0.16581
516 0.133302 1.668887 2.41E-005 4.15E-005 0 0.155579 2.33805 0 0.051456 0.04386 0.013119 0.168887
517 -0.035754 1.671923 2.41E-005 4.15E-005 0 0.168003 2.349832 0 0.052093 0.043869 0.013113 0.171923
518 0.242765 1.677163 2.41E-005 4.14E-005 0 0.171543 2.352155 0 0.052641 0.043876 0.013107 0.177163
519 0.216659 1.682611 2.41E-005 4.14E-005 0 0.172412 2.352604 0 0.053178 0.043883 0.0131 0.182611
520 -0.06834 1.688142 2.41E-005 4.14E-005 0 0.172551 2.352658 0 0.053538 0.043889 0.013094 0.188142
521 0.02942 1.694422 2.41E-005 4.13E-005 0 0.172596 2.352667 0 0.053834 0.043895 0.013088 0.194422
522 0.055165 1.700494 2.41E-005 4.13E-005 0 0.172621 2.352669 0 0.054078 0.043901 0.013082 0.200494
523 0.033381 1.70798 2.41E-005 4.13E-005 0 0.172638 2.35267 0 0.054277 0.043907 0.013076 0.20798
524 -0.060239 1.71505 2.41E-005 4.13E-005 0 0.172652 2.35267 0 0.054441 0.043913 0.01307 0.21505
525 -0.307431 1.721953 2.41E-005 4.12E-005 0 0.172664 2.35267 0 0.054576 0.043919 0.013064 0.221953
526 -0.44822 1.728358 2.41E-005 4.12E-005 0 0.172673 2.35267 0 0.054686 0.043925 0.013058 0.228358
527 -0.415273 1.734971 2.41E-005 4.12E-005 0 0.172681 2.35267 0 0.054777 0.043931 0.013052 0.234971
528 -0.270163 1.741625 2.41E-005 4.11E-005 0 0.172688 2.35267 0 0.054864 0.043938 0.013045 0.241625
529 -0.062759 1.746199 2.41E-005 4.11E-005 0 0.172693 2.35267 0 0.054923 0.043944 0.013039 0.246199
530 -0.008748 1.753186 2.41E-005 4.11E-005 0 0.172697 2.35267 0 0.054971 0.04395 0.013033 0.253186
531 -0.155119 1.75984 2.41E-005 4.11E-005 0 0.172701 2.35267 0 0.055011 0.043956 0.013027 0.25984
532 -0.103988 1.766785 2.41E-005 4.10E-005 0 0.172704 2.35267 0 0.055043 0.043962 0.013021 0.266785
533 0.052285 1.773564 2.41E-005 4.10E-005 0 0.172706 2.35267 0 0.05507 0.043968 0.013015 0.273564
534 0.02906 1.777973 2.41E-005 4.10E-005 0 0.172708 2.35267 0 0.055092 0.043975 0.013008 0.277973
535 -0.032333 1.783712 2.41E-005 4.10E-005 0 0.172709 2.35267 0 0.05511 0.043981 0.013002 0.283712
536 -0.001907 1.789409 2.40E-005 4.09E-005 0 0.172711 2.352671 0 0.055127 0.043988 0.012995 0.289409
537 -0.296268 1.793527 2.40E-005 4.09E-005 0 0.172712 2.352671 0 0.055139 0.043994 0.012989 0.293527
538 -0.015229 1.799099 2.40E-005 4.09E-005 0 0.172713 2.352671 0 0.055148 0.044 0.012983 0.299099
539 0.016997 1.804256 2.40E-005 4.09E-005 0 0.172714 2.352671 0 0.055156 0.044006 0.012977 0.304256
540 -0.085624 1.810287 2.40E-005 4.08E-005 0 0.172714 2.352671 0 0.055162 0.044012 0.012971 0.310287
541 0.081451 1.81536 2.40E-005 4.08E-005 0 0.172715 2.352671 0 0.055168 0.044018 0.012965 0.31536
542 -0.165381 1.8206 2.40E-005 4.08E-005 0 0.172715 2.352671 0 0.055172 0.044024 0.012959 0.3206
543 0.048684 1.823927 2.40E-005 4.08E-005 0 0.172715 2.352671 0 0.055176 0.04403 0.012953 0.323927
544 0.199916 1.82792 2.40E-005 4.07E-005 0 0.172716 2.352671 0 0.055179 0.044037 0.012946 0.32792
545 0.208918 1.833243 2.40E-005 4.07E-005 0 0.172716 2.352671 0 0.055181 0.044043 0.01294 0.333243
546 0.425683 1.837236 2.40E-005 4.07E-005 0 0.172716 2.352671 0 0.055183 0.044049 0.012934 0.337236
547 0.065428 1.842892 2.40E-005 4.07E-005 0 0.172716 2.352671 0 0.055185 0.044056 0.012928 0.342892
548 0.150946 1.848256 2.40E-005 4.06E-005 0 0.172717 2.352671 0 0.055186 0.044062 0.012922 0.348256
549 -0.145757 1.853704 2.40E-005 4.06E-005 0 0.172717 2.352671 0 0.055187 0.044068 0.012916 0.353704
550 -0.060239 1.859984 2.40E-005 4.06E-005 0 0.172717 2.352671 0 0.055188 0.044074 0.01291 0.359984
551 0.141944 1.864808 2.40E-005 4.06E-005 0 0.172717 2.352672 0 0.055189 0.04408 0.012904 0.364808
552 0.071549 1.868967 2.40E-005 4.05E-005 0 0.172717 2.352672 0 0.05519 0.044087 0.012896 0.368967
553 0.12466 1.872377 2.40E-005 4.05E-005 0 0.172717 2.352672 0 0.05519 0.044093 0.01289 0.372377
554 -0.046916 1.875413 2.40E-005 4.05E-005 0 0.172717 2.352672 0 0.05519 0.044099 0.012884 0.375413
555 0.071909 1.879406 2.40E-005 4.05E-005 0 0.172717 2.352672 0 0.055191 0.044105 0.012878 0.379406
556 -0.040075 1.882774 2.40E-005 4.04E-005 0 0.172717 2.352672 0 0.055191 0.044111 0.012872 0.382774
557 0.040582 1.88789 2.40E-005 4.04E-005 0 0.172717 2.352672 0 0.055191 0.044117 0.012866 0.38789
558 0.094234 1.891758 2.40E-005 4.04E-005 0 0.172717 2.352672 0 0.055191 0.044123 0.01286 0.391758
559 -0.06492 1.895833 2.40E-005 4.04E-005 0 0.172717 2.352672 0 0.055192 0.044129 0.012854 0.395833
560 0.048684 1.900325 2.40E-005 4.03E-005 0 0.172718 2.352672 0 0.055192 0.044136 0.012847 0.400325
561 -0.173122 1.902737 2.40E-005 4.03E-005 0 0.172718 2.352672 0 0.055192 0.044142 0.012841 0.402737
562 -0.278264 1.907561 2.40E-005 4.03E-005 0 0.172718 2.352672 0 0.055192 0.044148 0.012835 0.407561
563 -0.174923 1.911678 2.40E-005 4.03E-005 0 0.172718 2.352672 0 0.055192 0.044154 0.012829 0.411678
564 -0.130273 1.915837 2.40E-005 4.02E-005 0 0.172718 2.352672 0 0.055192 0.04416 0.012823 0.415837
565 0.016097 1.92062 2.40E-005 4.02E-005 0 0.172718 2.352672 0 0.055192 0.044166 0.012818 0.42062
566 0.019518 1.923947 2.39E-005 4.02E-005 0 0.172718 2.352673 0 0.055192 0.044172 0.012812 0.423947
567 -0.06762 1.927565 2.39E-005 4.02E-005 0 0.172718 2.352673 0 0.055192 0.044178 0.012806 0.427565
568 -0.043135 1.93293 2.39E-005 4.01E-005 0 0.172718 2.352673 0 0.055192 0.044185 0.012798 0.43293
569 -0.25774 1.936132 2.39E-005 4.01E-005 0 0.172718 2.352673 0 0.055192 0.044191 0.012793 0.436132
570 -0.127573 1.940748 2.39E-005 4.01E-005 0 0.172718 2.352673 0 0.055192 0.044197 0.012787 0.440748
571 -0.111369 1.944117 2.39E-005 4.01E-005 0 0.172718 2.352673 0 0.055192 0.044203 0.012781 0.444117
572 -0.237576 1.948567 2.39E-005 4.00E-005 0 0.172718 2.352673 0 0.055192 0.044208 0.012775 0.448567
573 0.024739 1.951727 2.39E-005 4.00E-005 0 0.172718 2.352673 0 0.055192 0.044214 0.012769 0.451727
574 -0.039174 1.955013 2.39E-005 4.00E-005 0 0.172718 2.352673 0 0.055192 0.04422 0.012763 0.455013
575 0.026359 1.958049 2.39E-005 4.00E-005 0 0.172718 2.352673 0 0.055193 0.044226 0.012757 0.458049
576 0.277152 1.959338 2.39E-005 3.99E-005 0 0.172718 2.352673 0 0.055193 0.044233 0.01275 0.459338
577 0.263469 1.96279 2.39E-005 3.99E-005 0 0.172718 2.352673 0 0.055193 0.044239 0.012744 0.46279
578 0.069388 1.964828 2.39E-005 3.99E-005 0 0.172718 2.352673 0 0.055193 0.044245 0.012738 0.464828
579 -0.244777 1.969194 2.39E-005 3.99E-005 0 0.172718 2.352673 0 0.055193 0.044251 0.012732 0.469194
580 0.154366 1.973353 2.39E-005 3.99E-005 0 0.172718 2.352673 0 0.055193 0.044257 0.012726 0.473353
581 0.406779 1.976971 2.39E-005 3.98E-005 0 0.172719 2.352673 0 0.055193 0.044263 0.01272 0.476971
582 0.345386 1.98192 2.39E-005 3.98E-005 0 0.172719 2.352674 0 0.055193 0.044269 0.012715 0.48192
583 0.1234 1.983293 2.39E-005 3.98E-005 0 0.172719 2.352674 0 0.055193 0.044275 0.012709 0.483293
584 0.204597 1.986246 2.39E-005 3.98E-005 0 0.172719 2.352674 0 0.055193 0.044282 0.012702 0.486246
585 0.150946 1.988866 2.39E-005 3.97E-005 0 0.172719 2.352674 0 0.055193 0.044288 0.012696 0.488866
586 -0.155479 1.990779 2.39E-005 3.97E-005 0 0.172719 2.352674 0 0.055193 0.044294 0.01269 0.490779
587 -0.059879 1.992276 2.39E-005 3.97E-005 0 0.172719 2.352674 0 0.055193 0.044299 0.012684 0.492276
588 0.058586 1.992983 2.39E-005 3.97E-005 0 0.172719 2.352674 0 0.055193 0.044305 0.012678 0.492983
589 -0.295908 1.995644 2.39E-005 3.96E-005 0 0.172719 2.352674 0 0.055193 0.044311 0.012672 0.495644
590 -0.060239 1.998389 2.39E-005 3.96E-005 0 0.172719 2.352674 0 0.055193 0.044317 0.012666 0.498389
591 0.335484 2.001508 2.39E-005 3.96E-005 0 0.172719 2.352674 0 0.055193 0.044323 0.01266 0.501508
592 0.114038 2.004919 2.39E-005 3.96E-005 0 0.172719 2.352674 0 0.055193 0.04433 0.012653 0.504919
593 0.049584 2.007206 2.39E-005 3.95E-005 0 0.172719 2.352674 0 0.055193 0.044336 0.012648 0.507206
594 0.325582 2.010283 2.39E-005 3.95E-005 0 0.172719 2.352674 0 0.055193 0.044342 0.012642 0.510283
595 0.131681 2.011864 2.39E-005 3.95E-005 0 0.172719 2.352674 0 0.055193 0.044347 0.012636 0.511864
596 0.245825 2.014817 2.38E-005 3.95E-005 0 0.172719 2.352674 0 0.055193 0.044353 0.01263 0.514817
597 0.45917 2.018767 2.38E-005 3.94E-005 0 0.172719 2.352675 0 0.055193 0.044359 0.012624 0.518767
598 -0.002807 2.020764 2.38E-005 3.94E-005 0 0.172719 2.352675 0 0.055193 0.044365 0.012618 0.520764
599 -0.059879 2.024715 2.38E-005 3.94E-005 0 0.172719 2.352675 0 0.055193 0.044371 0.012613 0.524715
600 0.188213 2.027168 2.38E-005 3.94E-005 0 0.172719 2.352675 0 0.055193 0.044378 0.012606 0.527168
601 0.013937 2.029705 2.38E-005 3.93E-005 0 0.172719 2.352675 0 0.055193 0.044384 0.0126 0.529705
602 -0.071401 2.032284 2.38E-005 3.93E-005 0 0.172719 2.352675 0 0.055193 0.044389 0.012594 0.532284
603 -0.278264 2.033365 2.38E-005 3.93E-005 0 0.17272 2.352675 0 0.055193 0.044395 0.012588 0.533365
604 -0.178704 2.035611 2.38E-005 3.93E-005 0 0.17272 2.352675 0 0.055193 0.044401 0.012582 0.535611
605 -0.171502 2.035112 2.38E-005 3.93E-005 0 0.17272 2.352675 0 0.055193 0.044407 0.012577 0.535112
606 -0.253059 2.036858 2.38E-005 3.92E-005 0 0.17272 2.352675 0 0.055193 0.044413 0.012571 0.536858
607 -0.383407 2.040476 2.38E-005 3.92E-005 0 0.17272 2.352675 0 0.055193 0.044419 0.012565 0.540476
608 -0.232895 2.04318 2.38E-005 3.92E-005 0 0.17272 2.352675 0 0.055193 0.044426 0.012558 0.54318
609 -0.073201 2.046174 2.38E-005 3.92E-005 0 0.17272 2.352675 0 0.055193 0.044431 0.012552 0.546174
610 0.279673 2.048045 2.38E-005 3.91E-005 0 0.17272 2.352675 0 0.055193 0.044437 0.012546 0.548045
611 0.250146 2.050458 2.38E-005 3.91E-005 0 0.17272 2.352675 0 0.055193 0.044443 0.012541 0.550458
612 0.185693 2.052786 2.38E-005 3.91E-005 0 0.17272 2.352675 0 0.055193 0.044449 0.012535 0.552786
613 0.160307 2.054866 2.38E-005 3.91E-005 0 0.17272 2.352676 0 0.055193 0.044455 0.012529 0.554866
614 -0.055198 2.057777 2.38E-005 3.90E-005 0 0.17272 2.352676 0 0.055193 0.04446 0.012523 0.557777
615 0.088652 2.059565 2.38E-005 3.90E-005 0 0.17272 2.352676 0 0.055193 0.044466 0.012517 0.559565
616 -0.365403 2.062061 2.38E-005 3.90E-005 0 0.17272 2.352676 0 0.055193 0.044473 0.012511 0.562061
617 0.024379 2.064182 2.38E-005 3.90E-005 0 0.17272 2.352676 0 0.055193 0.044479 0.012505 0.564182
618 -0.347399 2.065887 2.38E-005 3.89E-005 0 0.17272 2.352676 0 0.055193 0.044485 0.012499 0.565887
619 -0.145217 2.068465 2.38E-005 3.89E-005 0 0.17272 2.352676 0 0.055193 0.04449 0.012493 0.568465
620 -0.296808 2.069838 2.38E-005 3.89E-005 0 0.17272 2.352676 0 0.055193 0.044496 0.012487 0.569838
621 -0.220832 2.072666 2.38E-005 3.89E-005 0 0.17272 2.352676 0 0.055193 0.044502 0.012482 0.572666
622 0.086132 2.074121 2.38E-005 3.89E-005 0 0.17272 2.352676 0 0.055193 0.044508 0.012476 0.574121
623 0.009256 2.075993 2.38E-005 3.88E-005 0 0.17272 2.352676 0 0.055193 0.044513 0.01247 0.575993
624 -0.183385 2.077573 2.38E-005 3.88E-005 0 0.17272 2.352676 0 0.055193 0.04452 0.012463 0.577573
625 -0.165381 2.078862 2.38E-005 3.88E-005 0 0.172721 2.352676 0 0.055193 0.044526 0.012458 0.578862
626 -0.25594 2.080318 2.38E-005 3.88E-005 0 0.172721 2.352676 0 0.055193 0.044532 0.012452 0.580318
627 -0.022071 2.08194 2.37E-005 3.87E-005 0 0.172721 2.352676 0 0.055193 0.044537 0.012446 0.58194
628 0.226921 2.083853 2.37E-005 3.87E-005 0 0.172721 2.352676 0 0.055194 0.044543 0.01244 0.583853
629 0.578895 2.087055 2.37E-005 3.87E-005 0 0.172721 2.352677 0 0.055194 0.044549 0.012435 0.587055
630 -0.371524 2.088552 2.37E-005 3.87E-005 0 0.172721 2.352677 0 0.055194 0.044555 0.012429 0.588552
631 -0.098407 2.090715 2.37E-005 3.86E-005 0 0.172721 2.352677 0 0.055194 0.04456 0.012423 0.590715
632 0.130781 2.092961 2.37E-005 3.86E-005 0 0.172721 2.352677 0 0.055194 0.044567 0.012416 0.592961
633 0.727787 2.094208 2.37E-005 3.86E-005 0 0.172721 2.352677 0 0.055194 0.044573 0.012411 0.594208
634 0.217019 2.096038 2.37E-005 3.86E-005 0 0.172721 2.352677 0 0.055194 0.044579 0.012405 0.596038
635 2.54E-004 2.097036 2.37E-005 3.85E-005 0 0.172721 2.352677 0 0.055194 0.044584 0.012399 0.597036
636 -0.021711 2.09949 2.37E-005 3.85E-005 0 0.172721 2.352677 0 0.055194 0.04459 0.012394 0.59949
637 0.118359 2.101444 2.37E-005 3.85E-005 0 0.172721 2.352677 0 0.055194 0.044596 0.012388 0.601444
638 -0.092466 2.103565 2.37E-005 3.85E-005 0 0.172721 2.352677 0 0.055194 0.044601 0.012382 0.603565
639 0.207117 2.105811 2.37E-005 3.85E-005 0 0.172721 2.352677 0 0.055194 0.044607 0.012376 0.605811
640 0.254287 2.105936 2.37E-005 3.84E-005 0 0.172721 2.352677 0 0.055194 0.044614 0.01237 0.605936
641 -0.140176 2.108182 2.37E-005 3.84E-005 0 0.172721 2.352677 0 0.055194 0.04462 0.012364 0.608182
642 0.040582 2.10997 2.37E-005 3.84E-005 0 0.172721 2.352677 0 0.055194 0.044625 0.012358 0.60997
643 0.096394 2.112216 2.37E-005 3.84E-005 0 0.172721 2.352677 0 0.055194 0.044631 0.012353 0.612216
644 0.026359 2.114462 2.37E-005 3.83E-005 0 0.172721 2.352677 0 0.055194 0.044637 0.012347 0.614462
645 -0.030172 2.115501 2.37E-005 3.83E-005 0 0.172721 2.352678 0 0.055194 0.044642 0.012341 0.615501
646 0.102875 2.117664 2.37E-005 3.83E-005 0 0.172721 2.352678 0 0.055194 0.044648 0.012336 0.617664
