1 120.011188 -0.120859
2 119.234685 -0.121525
3 119.697742 -0.121608
4 118.246458 -0.121192
5 117.754235 -0.119986
6 116.116971 -0.117782
7 115.68056 -0.118073
8 116.233816 -0.117657
9 116.545821 -0.11695
10 117.047587 -0.116077
11 116.100768 -0.115245
12 117.242928 -0.113831
13 115.812167 -0.113498
14 115.052408 -0.112833
15 114.675229 -0.111045
16 116.146678 -0.113332
17 117.197918 -0.113415
18 114.753725 -0.114538
19 114.365204 -0.112001
20 117.217542 -0.111045
21 114.86877 -0.109631
22 114.236837 -0.109173
23 114.364844 -0.108716
24 116.128674 -0.107676
25 117.092236 -0.107343
26 115.39682 -0.106553
27 115.545352 -0.106595
28 115.698024 -0.105888
29 112.988275 -0.105014
30 114.817639 -0.104723
31 115.385118 -0.103393
32 115.58478 -0.102893
33 114.635261 -0.102727
34 113.72535 -0.101521
35 114.339459 -0.101147
36 113.224305 -0.100024
37 113.187037 -0.100107
38 112.274426 -0.099442
39 113.903407 -0.098984
40 113.187937 -0.098943
41 112.285588 -0.09782
42 112.891595 -0.098319
43 113.254371 -0.096572
44 113.188297 -0.09678
45 111.878162 -0.096198
46 112.232297 -0.09599
47 111.660137 -0.096031
48 113.186137 -0.095699
49 114.34774 -0.095532
50 112.189088 -0.094202
51 111.995907 -0.093661
52 111.352812 -0.091873
53 111.952518 -0.091997
54 110.478549 -0.09154
55 110.39051 -0.090292
56 108.796276 -0.090417
57 109.594744 -0.089169
58 109.270496 -0.089169
59 109.590423 -0.087922
60 108.746046 -0.087464
61 110.693514 -0.087215
62 111.565797 -0.086383
63 110.705937 -0.086882
64 108.936706 -0.086258
65 108.0502 -0.085926
66 109.016102 -0.084678
67 109.799447 -0.084595
68 109.868041 -0.084179
69 110.317415 -0.083846
70 109.125025 -0.08343
71 108.809599 -0.083638
72 109.143929 -0.085135
73 108.581131 -0.083721
74 108.38723 -0.083181
75 108.67043 -0.08264
76 108.408295 -0.082183
77 107.553656 -0.081517
78 108.133557 -0.080769
79 107.068994 -0.080436
80 107.311865 -0.07819
81 108.76747 -0.077608
82 109.427669 -0.07765
83 110.300672 -0.077358
84 109.333149 -0.077317
85 109.310464 -0.075944
86 108.610477 -0.075321
87 106.916682 -0.07399
88 105.502665 -0.073033
89 108.67007 -0.072784
90 107.791485 -0.072201
91 106.349203 -0.072659
92 106.735024 -0.072326
93 107.3819 -0.072659
94 108.633522 -0.071245
95 106.362886 -0.070538
96 105.823313 -0.069789
97 107.492983 -0.06929
98 106.788675 -0.069706
99 105.054551 -0.069997
100 106.063303 -0.07112
101 105.850858 -0.072742
102 107.183498 -0.075113
103 107.530071 -0.074156
104 105.786045 -0.074322
105 105.880025 -0.073075
106 106.346142 -0.073158
107 104.014833 -0.072201
108 103.859461 -0.071744
109 104.062903 -0.071661
110 104.250503 -0.07137
111 104.577271 -0.071287
112 103.56762 -0.07033
113 103.165775 -0.07033
114 103.85388 -0.069082
115 103.682664 -0.068791
116 104.448004 -0.067668
117 104.016994 -0.066837
118 103.144351 -0.066421
119 102.038739 -0.065922
120 101.057893 -0.065963
121 100.862912 -0.065215
122 101.247113 -0.065589
123 104.454486 -0.065131
124 104.90692 -0.065048
125 104.802499 -0.064716
126 103.474 -0.064799
127 104.010693 -0.064009
128 102.268287 -0.062844
129 100.782616 -0.06326
130 99.813112 -0.062719
131 101.369539 -0.062844
132 101.214526 -0.063218
133 100.788197 -0.062636
134 101.778584 -0.062969
135 101.75914 -0.06168
136 103.398924 -0.061139
137 101.978606 -0.060973
138 100.42218 -0.061014
139 99.280741 -0.060723
140 100.129799 -0.060224
141 100.94789 -0.060682
142 99.574742 -0.0596
143 99.052813 -0.059101
144 100.188671 -0.058228
145 99.689426 -0.056814
146 100.559909 -0.057147
147 100.577553 -0.056398
148 99.777825 -0.057562
149 100.238361 -0.057271
150 98.899961 -0.057313
151 99.090621 -0.057604
152 97.648338 -0.05698
153 99.509209 -0.057438
154 99.002222 -0.056273
155 98.971256 -0.055608
156 99.073517 -0.055525
157 98.596957 -0.055109
158 97.631955 -0.055525
159 98.984939 -0.05515
160 99.885487 -0.054568
161 99.783046 -0.054568
162 97.234071 -0.053653
163 97.475862 -0.053736
164 98.811562 -0.053029
165 97.866904 -0.054319
166 97.391604 -0.05515
167 97.477482 -0.053071
168 97.492606 -0.053071
169 98.597857 -0.051865
170 98.582014 -0.051948
171 96.763633 -0.052073
172 95.802591 -0.051657
173 95.689347 -0.052198
174 94.923107 -0.052239
175 95.601309 -0.051491
176 96.285993 -0.050867
177 97.557779 -0.050285
178 97.574163 -0.050617
179 97.652659 -0.049536
180 96.335323 -0.049203
181 94.553129 -0.050493
182 94.871616 -0.050201
183 95.997932 -0.049827
184 96.920266 -0.049661
185 96.278251 -0.049245
186 96.068687 -0.049079
187 96.024938 -0.04808
188 95.70051 -0.048122
189 95.507329 -0.047872
190 95.500848 -0.046833
191 95.186682 -0.046791
192 94.707962 -0.045377
193 93.512511 -0.044629
194 93.121469 -0.045502
195 91.820156 -0.045252
196 92.224341 -0.045044
197 93.879968 -0.04492
198 93.041712 -0.044462
199 91.809714 -0.044837
200 91.747961 -0.044629
201 91.59853 -0.044795
202 91.725996 -0.044961
203 91.416151 -0.044629
204 92.160427 -0.044837
205 91.924758 -0.045294
206 92.578115 -0.044421
207 90.98082 -0.044337
208 90.88648 -0.046958
209 92.372872 -0.047581
210 93.449138 -0.048455
211 92.178071 -0.048122
212 90.921588 -0.04754
213 90.718145 -0.046833
214 91.191644 -0.045377
215 91.727797 -0.04571
216 90.210798 -0.045959
217 90.126361 -0.045627
218 89.611273 -0.046001
219 89.871247 -0.04571
220 89.422773 -0.045918
221 90.009156 -0.046666
222 90.858934 -0.046167
223 90.763694 -0.046001
224 90.256708 -0.045835
225 88.330304 -0.044629
226 88.853494 -0.044504
227 87.828899 -0.044462
228 87.535798 -0.044379
229 87.398789 -0.044421
230 90.237804 -0.045044
231 89.609472 -0.044961
232 90.681777 -0.045086
233 88.544909 -0.044504
234 86.992804 -0.043298
235 86.924929 -0.042674
236 87.463242 -0.0423
237 87.576126 -0.042092
238 87.131793 -0.041676
239 88.218321 -0.041177
240 87.964647 -0.040678
241 87.996874 -0.04101
242 86.951215 -0.040844
243 89.091864 -0.04047
244 88.065109 -0.040844
245 86.732289 -0.040387
246 85.102047 -0.039721
247 85.215291 -0.040428
248 85.493809 -0.040511
249 85.221232 -0.040636
250 86.254109 -0.040719
251 88.495219 -0.039721
252 87.005586 -0.03968
253 85.103667 -0.039888
254 86.221522 -0.039596
255 85.553042 -0.039513
256 84.158109 -0.039763
257 85.323854 -0.037559
258 85.754504 -0.038141
259 85.676368 -0.041426
260 84.920029 -0.041094
261 84.40278 -0.040802
262 84.564634 -0.041094
263 82.4951 -0.040137
264 83.512854 -0.04022
265 84.037484 -0.039513
266 83.709095 -0.039056
267 82.560454 -0.039804
268 84.0202 -0.03968
269 82.727349 -0.03968
270 82.973821 -0.039763
271 83.466584 -0.039097
272 82.816288 -0.038474
273 83.021351 -0.037184
274 83.73232 -0.036561
275 82.763537 -0.037559
276 82.514004 -0.038266
277 83.472165 -0.038266
278 81.767208 -0.03839
279 81.386068 -0.038515
280 81.314773 -0.039014
281 81.087745 -0.038973
282 83.584149 -0.038723
283 82.411383 -0.039181
284 80.861078 -0.038681
285 81.536759 -0.037891
286 80.486239 -0.038058
287 81.673228 -0.037351
288 82.616266 -0.037268
289 81.379586 -0.037767
290 80.63189 -0.037351
291 79.607295 -0.037143
292 78.804146 -0.037434
293 79.716218 -0.037101
294 79.309692 -0.037309
295 79.950987 -0.036269
296 79.142797 -0.035854
297 80.812468 -0.036477
298 80.755936 -0.03602
299 81.498951 -0.03602
300 80.388479 -0.035521
301 78.82377 -0.035022
302 78.15295 -0.035812
303 77.207752 -0.035895
304 77.158421 -0.035479
305 77.703936 -0.035937
306 78.087236 -0.036061
307 78.275736 -0.035978
308 78.910909 -0.036436
309 80.527468 -0.035562
310 79.052238 -0.034814
311 78.193278 -0.03523
312 77.744804 -0.03498
313 77.397511 -0.035812
314 77.352862 -0.035562
315 79.104629 -0.03498
316 77.795755 -0.034647
317 78.002618 -0.03419
318 77.268244 -0.033608
319 76.954078 -0.0334
320 77.218014 -0.032984
321 76.898627 -0.033358
322 75.927683 -0.033441
323 74.994908 -0.034148
324 75.923002 -0.034523
325 76.059111 -0.03419
326 75.528899 -0.033649
327 75.652585 -0.03394
328 76.189098 -0.033026
329 75.851347 -0.033275
330 75.644844 -0.033899
331 75.487671 -0.033733
332 74.698025 -0.033857
333 74.498003 -0.034024
334 75.030555 -0.033816
335 74.71981 -0.033816
336 75.937945 -0.034564
337 76.650175 -0.03419
338 75.613517 -0.034273
339 74.650675 -0.033067
340 74.610887 -0.032568
341 73.946368 -0.03261
342 73.95915 -0.032485
343 73.965272 -0.032402
344 74.323187 -0.032526
345 74.410865 -0.031362
346 74.71945 -0.031196
347 75.937225 -0.031237
348 74.748256 -0.031487
349 73.372047 -0.032194
350 72.540633 -0.032069
351 73.234678 -0.032069
352 74.507365 -0.032319
353 75.009671 -0.031903
354 73.172385 -0.031196
355 72.869382 -0.031445
356 73.447483 -0.031071
357 72.24177 -0.031653
358 71.694455 -0.030821
359 71.00095 -0.030239
360 71.036417 -0.030655
361 71.61902 -0.030405
362 71.760709 -0.03078
363 72.436211 -0.031154
364 72.445753 -0.029823
365 70.658338 -0.02999
366 70.064213 -0.030073
367 70.675982 -0.029283
368 71.723261 -0.029324
369 71.149301 -0.02999
370 71.267946 -0.029407
371 71.782494 -0.030322
372 71.318897 -0.029491
373 72.237449 -0.029449
374 70.687504 -0.029948
375 69.852669 -0.029407
376 69.136659 -0.029532
377 69.703778 -0.029698
378 70.183939 -0.0287
379 70.14109 -0.0287
380 70.23975 -0.028576
381 69.837546 -0.028284
382 69.61916 -0.030281
383 70.176737 -0.030447
384 69.679293 -0.030031
385 69.501055 -0.029657
386 69.155203 -0.029075
387 68.868763 -0.030655
388 68.927275 -0.030156
389 69.540124 -0.029698
390 68.42407 -0.030863
391 68.305605 -0.030738
392 68.32919 -0.030946
393 68.587184 -0.030364
394 69.681453 -0.030031
395 67.784935 -0.030405
396 66.99727 -0.030031
397 67.332501 -0.03078
398 67.586714 -0.030697
399 67.608138 -0.030447
400 67.888817 -0.030281
401 67.660529 -0.029574
402 68.158334 -0.029449
403 66.601187 -0.029491
404 66.417009 -0.028742
405 66.251734 -0.028409
406 66.163695 -0.027952
407 67.052722 -0.028576
408 66.75656 -0.029075
409 67.172807 -0.028409
410 65.736646 -0.028326
411 64.447936 -0.028451
412 64.491325 -0.028201
413 64.917114 -0.027869
414 65.347764 -0.027037
415 65.511239 -0.026205
416 64.864903 -0.026704
417 65.053763 -0.027037
418 65.61476 -0.028077
419 64.096862 -0.028326
420 64.471701 -0.027993
421 64.393024 -0.028492
422 63.559989 -0.028368
423 64.199844 -0.028201
424 64.592326 -0.028617
425 63.989199 -0.028077
426 64.109285 -0.028368
427 64.499066 -0.0287
428 64.438934 -0.027037
429 63.880997 -0.027494
430 63.484014 -0.027536
431 63.319999 -0.028243
432 62.711291 -0.027869
433 62.717233 -0.027411
434 62.958483 -0.027952
435 62.883768 -0.027328
436 62.879087 -0.027328
437 62.427192 -0.027494
438 62.578604 -0.026995
439 62.2747 -0.026579
440 61.65663 -0.02633
441 61.555809 -0.026746
442 61.821545 -0.027577
443 61.873036 -0.027577
444 61.221839 -0.027661
445 60.692528 -0.026995
446 60.526893 -0.027286
447 61.563551 -0.026746
448 61.074568 -0.025456
449 60.688747 -0.025956
450 61.184391 -0.024916
451 60.874546 -0.024957
452 60.279161 -0.025373
453 59.69926 -0.02529
454 59.840589 -0.026413
455 59.89244 -0.026413
456 59.907023 -0.026829
457 59.449907 -0.026912
458 59.113777 -0.026163
459 59.454228 -0.027203
460 59.403998 -0.027245
461 59.55595 -0.027286
462 59.136102 -0.0287
463 58.567722 -0.028201
464 58.118888 -0.028825
465 57.990882 -0.028243
466 58.84336 -0.028118
467 59.839689 -0.027952
468 58.758022 -0.017388
469 58.12519 0.067992
470 58.308108 0.277637
471 58.741999 0.552992
472 58.704731 0.853923
473 58.732277 1.042026
474 58.541977 1.126574
475 58.159217 1.05891
476 58.500388 0.929863
477 58.70041 0.78052
478 58.98631 0.619657
479 59.968776 0.485993
480 58.385344 0.377074
481 58.005104 0.300428
482 57.885379 0.233637
483 56.944322 0.18344
484 56.261439 0.144472
485 56.55328 0.120476
486 56.878248 0.100638
487 56.899853 0.0855
488 56.860244 0.076268
489 57.818765 0.076684
490 58.628755 0.070071
491 57.397657 0.062752
492 56.418072 0.055557
493 56.209948 0.0504
494 55.966177 0.046033
495 56.036212 0.043621
496 55.873457 0.039047
497 55.146285 0.02736
498 55.153667 0.020041
499 55.893622 0.016256
500 56.918217 0.014385
501 56.201306 0.01164
502 55.733028 0.00927
503 55.88372 0.007814
504 56.321932 0.005402
505 55.890201 0.005194
506 55.708183 0.003239
507 55.486736 0.001867
508 54.393907 0.000203
509 54.005746 -0.001502
510 53.392357 -0.001668
511 53.575636 -0.003456
512 53.383355 -0.00433
513 53.16533 -0.005162
514 53.424224 -0.00695
515 54.278323 -0.007324
516 54.428114 -0.008655
517 53.925089 -0.008946
518 53.222401 -0.008863
519 53.108258 -0.009154
520 53.64477 -0.011233
521 52.878529 -0.011857
522 53.397938 -0.011691
523 53.298377 -0.012523
524 52.414572 -0.012024
525 53.008157 -0.011233
526 52.979891 -0.012439
527 52.591909 -0.014352
528 53.498399 -0.015974
529 53.253368 -0.017638
530 52.938302 -0.017264
531 52.383246 -0.016931
532 52.187544 -0.014768
533 52.919758 -0.012647
534 51.808025 -0.012772
535 51.341547 -0.012689
536 51.417883 -0.013146
537 51.995624 -0.013729
538 51.617005 -0.014436
539 52.042794 -0.015184
540 51.26251 -0.015309
541 51.505021 -0.015766
542 50.759485 -0.016182
543 50.568465 -0.016515
544 51.346588 -0.01743
545 50.525076 -0.013521
546 50.103968 0.064998
547 50.240436 0.410885
548 49.550711 1.074007
549 49.680699 1.882104
550 49.142926 2.67602
551 49.894944 3.259251
552 50.30579 3.502292
553 50.554602 3.521797
554 50.344858 3.43887
555 49.960117 3.282499
556 49.707704 3.062207
557 50.780909 2.803862
558 49.634789 2.535245
559 49.73651 2.261803
560 50.284725 1.982956
561 49.930591 1.71151
562 49.410822 1.471547
563 49.40038 1.245516
564 49.887202 1.042483
565 50.010348 0.858248
566 48.895734 0.713314
567 48.898615 0.594206
568 48.644041 0.505332
569 48.775109 0.436462
570 49.153188 0.385267
571 49.824909 0.340269
572 49.626147 0.304753
573 48.901135 0.274477
574 48.656644 0.248442
575 48.228154 0.232306
576 47.585599 0.21904
577 47.73233 0.198537
578 47.806146 0.177868
579 47.269273 0.15907
580 47.785621 0.145262
581 47.898865 0.134574
582 47.743132 0.123969
583 47.869699 0.114321
584 47.852955 0.106502
585 47.227144 0.098684
586 46.92018 0.092155
587 47.242988 0.088536
588 46.965369 0.084003
589 46.483228 0.078846
590 46.555783 0.074729
591 46.028633 0.070113
592 46.232976 0.066245
593 46.664346 0.06271
594 46.379887 0.058718
595 46.409413 0.05589
596 46.267363 0.052313
597 46.230455 0.050067
598 46.099568 0.047531
599 46.126933 0.044037
600 46.432638 0.042083
601 46.709896 0.038797
602 45.44063 0.036967
603 45.460434 0.035636
604 45.561255 0.033183
605 44.9178 0.031353
606 45.82357 0.029357
607 45.425146 0.02736
608 43.855397 0.02553
609 44.479588 0.022869
610 44.67835 0.020374
611 44.977572 0.019334
612 44.398931 0.018003
613 44.125094 0.017795
614 44.909698 0.018502
615 44.042096 0.017837
616 43.151089 0.01584
617 43.539611 0.014302
618 43.299981 0.012805
619 43.146408 0.013719
620 43.379377 0.013012
621 44.098808 0.010434
622 43.9636 0.012139
623 43.652495 0.01085
624 43.847295 0.010184
625 43.913369 0.022245
626 43.194839 0.17583
627 43.001658 0.517392
628 43.236427 1.261361
629 43.176475 2.101024
630 42.528699 2.915027
631 43.073313 3.557521
632 42.778051 3.809794
633 43.094918 3.856581
634 43.492801 3.784301
635 43.745214 3.672387
636 43.077274 3.498799
637 42.715758 3.317142
638 42.335158 3.306204
639 42.264764 3.541218
640 42.39295 4.083443
641 42.288709 4.738123
642 42.718819 5.334163
643 42.417075 5.751041
644 42.354422 5.905458
645 42.497732 5.943636
646 42.927483 5.865034
647 43.078894 5.733325
648 42.594413 5.571797
649 41.964641 5.369845
650 41.446132 5.161905
651 42.170244 4.965734
652 42.204091 4.733007
653 41.812329 4.504107
654 42.319675 4.255244
655 41.853377 3.992823
656 41.204521 3.746123
657 41.291659 3.504746
658 41.324606 3.245735
659 41.777401 2.999908
660 41.5826 2.800078
661 41.242689 2.557827
662 41.53489 2.338908
663 42.173304 2.114831
664 41.72213 1.889715
665 41.401482 1.688304
666 41.035286 1.502281
667 41.122424 1.320624
668 41.027184 1.187043
669 40.789354 1.047806
670 40.785573 0.918135
671 40.875232 0.816577
672 40.377248 0.72762
673 40.516777 0.648644
674 40.543783 0.587219
675 40.137797 0.537729
676 40.33944 0.500591
677 39.986746 0.462663
678 39.751797 0.429725
679 39.660517 0.395331
680 40.285789 0.37121
681 40.219355 0.34867
682 39.804188 0.326628
683 39.139308 0.30862
684 40.259683 0.294314
685 40.704016 0.280216
686 40.409114 0.265119
687 39.809409 0.252726
688 40.207292 0.239293
689 39.320426 0.226858
690 39.174055 0.21696
691 39.228607 0.206023
692 39.156952 0.196457
693 38.414296 0.187474
694 37.71719 0.178658
695 37.903529 0.172378
696 38.992577 0.164726
697 39.217084 0.157614
698 39.685723 0.151875
699 37.902629 0.146177
700 37.675241 0.140688
701 37.987246 0.134865
702 37.922793 0.129459
703 38.413576 0.124427
704 38.19501 0.119478
705 37.754998 0.115735
706 37.640494 0.111243
707 37.549935 0.108582
708 36.788015 0.105255
709 37.010722 0.101512
710 37.249812 0.098268
711 37.023684 0.094775
712 37.065273 0.0944
713 36.729143 0.093111
714 36.986237 0.091739
715 36.455665 0.092446
716 36.108372 0.091863
717 35.518209 0.091073
718 36.18993 0.090699
719 36.565128 0.088827
720 36.371228 0.087497
721 36.246281 0.085916
722 35.661159 0.083879
723 36.196951 0.082714
724 36.660548 0.080011
725 36.270226 0.079844
726 35.595445 0.078971
727 35.76072 0.078015
728 35.737675 0.078306
729 35.252113 0.077391
730 35.254633 0.075935
731 34.670411 0.074396
732 34.95415 0.0724
733 34.803639 0.071111
734 36.061203 0.068865
735 35.091519 0.068325
736 34.577691 0.065746
737 34.595335 0.062128
738 34.415117 0.060381
739 34.910941 0.057844
740 34.515938 0.056015
741 33.691366 0.054517
742 33.547515 0.052521
743 33.85358 0.050608
744 33.771662 0.048362
745 33.442013 0.046907
746 33.916233 0.045202
747 33.955841 0.043871
748 33.42689 0.043413
749 33.106783 0.042831
750 33.368558 0.042207
751 32.799819 0.040752
752 32.584854 0.039712
753 32.244042 0.038132
754 32.968514 0.036135
755 33.077977 0.035886
756 33.176638 0.034888
757 33.246672 0.034139
758 32.406616 0.033806
759 32.221177 0.0326
760 32.411837 0.032268
761 32.339642 0.031186
762 32.197232 0.030272
763 32.230179 0.029273
764 31.319008 0.028566
765 31.201263 0.028234
766 31.27904 0.027277
767 31.450796 0.027277
768 31.502647 0.026529
769 31.061014 0.026237
770 31.150673 0.025738
771 31.288402 0.024616
772 31.301724 0.024616
773 31.303525 0.023909
774 31.058853 0.023118
775 30.950651 0.02291
776 31.096121 0.021372
777 30.687976 0.020997
778 30.80518 0.020124
779 30.300354 0.020457
780 30.269388 0.020706
781 30.143722 0.019874
782 29.986549 0.019999
783 30.254085 0.019001
784 29.998971 0.0195
785 29.834237 0.018585
786 29.589025 0.018253
787 29.815693 0.018585
788 29.582184 0.017504
789 29.725674 0.017795
790 29.398005 0.016839
791 28.913884 0.017005
792 29.140191 0.01688
793 29.807951 0.016714
794 30.076207 0.016381
795 29.484783 0.015591
796 29.177819 0.01609
797 28.796319 0.015549
798 28.677314 0.015757
799 28.952952 0.015217
800 28.701439 0.014842
801 28.235321 0.014926
802 28.32282 0.014718
803 28.549847 0.014842
804 28.311297 0.013595
805 28.309497 0.014135
806 28.51564 0.013553
807 27.887488 0.014177
808 27.880647 0.013803
809 27.198124 0.013969
810 26.959934 0.013012
811 26.614802 0.012971
812 26.857852 0.013054
813 26.848851 0.012264
814 26.584735 0.012098
815 26.951472 0.011557
816 26.621283 0.012139
817 26.438004 0.01085
818 26.08297 0.010434
819 26.000153 0.009228
820 25.804812 0.009145
821 26.282272 0.008978
822 26.158946 0.008646
823 26.154265 0.008937
824 26.542786 0.008646
825 26.414419 0.008895
826 26.310178 0.008438
827 26.183431 0.009145
828 26.191173 0.008563
829 25.800671 0.008604
830 25.551138 0.00902
831 25.361919 0.009353
832 25.637557 0.009394
833 25.613792 0.008438
834 25.36624 0.008271
835 24.896521 0.008355
836 24.292675 0.008729
837 24.791919 0.008022
838 25.013366 0.008147
839 24.768334 0.007606
840 24.861054 0.008313
841 24.208957 0.007731
842 24.146304 0.008188
843 24.960074 0.00798
844 24.79408 0.008396
845 24.65185 0.008396
846 24.260808 0.008396
847 24.249645 0.008188
848 23.726096 0.007481
849 24.190953 0.008063
850 24.261708 0.007606
851 24.068167 0.007939
852 24.164668 0.006733
853 23.632836 0.007232
854 23.226851 0.006816
855 23.298146 0.007024
856 23.712233 0.006733
857 23.613572 0.007065
858 23.097584 0.006899
859 22.64947 0.006816
860 22.635427 0.007273
861 22.081991 0.007107
862 22.340885 0.007564
863 22.700601 0.007024
864 22.26707 0.007065
865 22.209998 0.006234
866 22.522003 0.006816
867 22.615083 0.006317
868 22.161928 0.006774
869 22.148965 0.006358
870 22.334044 0.006982
871 22.467452 0.006649
872 21.625775 0.006899
873 21.663943 0.006649
874 21.378043 0.005818
875 21.777367 0.005859
876 21.493628 0.00561
877 21.441237 0.006483
878 20.947573 0.006275
879 21.527115 0.006317
880 21.21925 0.005776
881 20.323922 0.006317
882 20.452289 0.005776
883 20.448328 0.006358
884 20.703802 0.006067
885 20.261269 0.00615
886 20.31564 0.0064
887 20.436266 0.006192
888 20.722706 0.006941
889 20.494778 0.006733
890 20.474974 0.007107
891 20.417362 0.006608
892 20.531686 0.006566
893 20.02938 0.005443
894 19.963307 0.004404
895 19.966727 0.004778
896 19.545979 0.005069
897 19.240095 0.004279
898 18.975619 0.003697
899 19.100026 0.00378
900 18.857155 0.003655
901 18.767496 0.003821
902 18.888841 0.003614
903 19.02405 0.004362
904 18.392297 0.004653
905 18.342427 0.004445
906 18.626166 0.003572
907 19.294466 0.004071
908 18.860935 0.003614
909 18.227383 0.004404
910 18.335585 0.003821
911 18.012417 0.004445
912 18.110718 0.004196
913 18.256189 0.004445
914 18.080652 0.003946
915 17.650902 0.003281
916 18.017459 0.003406
917 17.894853 0.004113
918 17.226013 0.004653
919 17.572045 0.004279
920 17.69051 0.004986
921 17.236815 0.004445
922 17.209629 0.004986
923 17.294607 0.004154
924 16.982601 0.004445
925 16.776098 0.004113
926 16.693281 0.004237
927 16.435827 0.004778
928 16.340407 0.004903
929 16.685179 0.004653
930 16.639269 0.004029
931 16.488218 0.005069
932 16.203038 0.005194
933 16.122921 0.005527
934 16.225363 0.005277
935 15.941263 0.005527
936 15.87645 0.005235
937 15.802274 0.005485
938 15.980691 0.005443
939 15.521955 0.004612
940 15.64204 0.004612
941 15.332555 0.004279
942 15.200048 0.004736
943 15.142436 0.004321
944 15.151077 0.004695
945 14.954476 0.003946
946 14.906406 0.003322
947 15.178983 0.003031
948 14.717907 0.002782
949 14.571176 0.003031
950 14.444969 0.00274
951 14.231985 0.003073
952 14.052127 0.002657
953 14.485658 0.003115
954 14.193457 0.002408
955 14.362872 0.003115
956 13.73148 0.002907
957 13.935823 0.004071
958 13.945365 0.003821
959 13.903596 0.004029
960 13.900715 0.002283
961 13.63966 0.002241
962 13.6384 0.001825
963 13.35286 0.002657
964 13.533258 0.002491
965 13.59123 0.002532
966 13.007368 0.002532
967 13.270583 0.002865
968 13.105668 0.002948
969 12.804825 0.002574
970 12.905646 0.001908
971 12.877381 0.001493
972 12.891424 0.001992
973 12.585359 0.001576
974 12.816888 0.0022
975 12.501282 0.001701
976 12.15795 0.002158
977 12.041645 0.001659
978 12.003477 0.002408
979 12.077293 0.002615
980 12.117081 0.002615
981 11.983673 0.002408
982 11.746743 0.001701
983 11.578048 0.001908
984 11.555723 0.001576
985 11.791393 0.002491
986 11.604154 0.001742
987 11.77933 0.002075
988 11.8265 0.001742
989 11.170263 0.001784
990 10.804426 0.001867
991 10.562455 0.002449
992 10.713867 0.00274
993 10.77616 0.002241
994 10.930272 0.002116
995 10.926852 0.001285
996 10.569657 0.001617
997 10.453892 0.000827
998 10.39718 0.000411
999 10.286817 0.000287
1000 10.010459 0.000328
1001 10.325885 0.000411
1002 10.001818 0.000079
1003 10.099218 0.000702
1004 9.92062 -0.000046
1005 9.998037 0.00037
1006 9.466925 0.000037
1007 9.139977 0.000411
1008 9.402652 -0.000254
1009 9.275185 0.000037
1010 9.110631 -0.000337
1011 9.150239 0.000162
1012 9.15528 -0.000254
1013 9.244579 0.000702
1014 9.022232 0.000786
1015 8.927352 0.000702
1016 8.830492 0.001035
1017 8.633351 0.000702
1018 8.463395 0.000453
1019 8.593022 -0.000129
1020 8.599503 0.000702
1021 8.326026 0.00091
1022 8.220524 0.001617
1023 8.179655 0.001534
1024 8.120423 0.000744
1025 8.129065 0.000952
1026 7.753866 0.000786
1027 7.86801 0.000994
1028 7.558525 -0.000296
1029 7.655926 0.000079
1030 7.595973 -0.000088
1031 7.437 0.000328
1032 7.586971 0.000079
1033 7.054239 0.000203
1034 7.266324 0.000328
1035 7.126254 0.00037
1036 6.816409 0.000661
1037 6.449853 0.00012
1038 6.445892 0.000494
1039 6.637812 0.001035
1040 6.568678 0.001659
1041 6.346871 0.000786
1042 6.214543 0.000786
1043 6.504404 0.000411
1044 6.180696 -0.000129
1045 5.967351 0.000619
1046 5.683612 0.000536
1047 5.783173 0.000952
1048 5.715839 0.000203
1049 5.945387 0.000786
1050 5.957989 0.000494
1051 5.527339 0.000661
1052 5.663808 0.000203
1053 5.551824 -0.000213
1054 5.24486 0.000453
1055 5.092908 0.000079
1056 5.272406 -0.000129
1057 5.301572 -0.000379
1058 4.900628 -0.000379
1059 4.715189 -0.000379
1060 4.5753 -0.001003
1061 4.547034 -0.000504
1062 4.651636 -0.000712
1063 4.591683 -0.000379
1064 4.751376 -0.000628
1065 4.513006 -0.001003
1066 4.679541 -0.001377
1067 4.476999 -0.001834
1068 4.310464 -0.001252
1069 4.332789 -0.00171
1070 4.19758 -0.001419
1071 4.043828 -0.001294
1072 4.008721 0.002907
1073 4.107921 0.011931
1074 3.921942 0.012056
1075 3.793215 0.012014
1076 3.782413 0.011557
1077 3.508576 0.011806
1078 3.692754 0.011931
1079 3.550345 0.010143
1080 3.405594 0.00012
1081 3.212954 -0.00092
1082 3.24302 -0.00042
1083 3.232218 -0.000379
1084 2.968282 0.000702
1085 3.040838 0.000744
1086 2.790585 -0.001377
1087 2.851438 -0.000712
1088 2.593984 -0.000753
1089 2.233368 -0.000171
1090 2.350933 -0.000628
1091 2.327708 0.000702
1092 2.511887 0.002158
1093 2.09726 0.002283
1094 2.235889 0.003697
1095 1.85817 0.004113
1096 1.784714 0.003988
1097 1.939727 0.00378
1098 2.008501 0.00274
1099 2.041088 0.002948
1100 1.942247 0.003572
1101 1.547785 0.00482
1102 1.660308 0.005152
1103 1.583432 0.005485
1104 1.264945 0.006691
1105 1.262065 0.007648
1106 1.185189 0.009228
1107 1.442282 0.010975
1108 1.321657 0.012264
1109 1.375308 0.013595
1110 1.630242 0.014094
1111 1.271427 0.014468
1112 1.311395 0.014967
1113 1.228578 0.014593
1114 1.353884 0.01505
1115 1.603236 0.015092
1116 1.328499 0.012805
1117 1.388091 0.008022
1118 1.150441 0.006067
1119 1.205353 0.009228
1120 1.247302 0.013304
