0 0 88.887235 0 90 0 0 2.328445 10.406597 0 5.5296 25.210949 0
1 1 90.037316 0 89.926924 0 0 3.290849 28.179742 0 5.626045 6.623887 0
2 2 89.392601 0 89.795301 0 0 4.213457 44.837002 0 5.74806 6.638211 0
3 3 88.712958 0 89.606257 0 0 5.664852 60.147136 0 5.907843 6.651435 0
4 4 89.100219 0 89.36504 0 0 8.160954 73.868066 0 6.129718 6.663363 0
5 5 88.941426 0 89.078188 0 0 12.879553 85.400815 0 6.463941 6.673472 0
6 6 88.985175 0 88.755631 0 0 21.971953 93.521649 0 7.014154 6.680674 0
7 7 88.103891 0 88.411787 0 0 35.858834 97.324575 0 7.936465 6.684141 0
8 8 87.731392 0 88.059931 0 0 49.109441 98.406981 0 9.29595 6.685266 0
9 9 86.851368 0 87.705939 0 0 58.034404 98.718714 0 10.980562 6.685762 0
10 10 84.705138 0 87.351247 0 0 63.389237 98.844857 0 12.846583 6.686129 0
11 11 85.377399 0 86.996189 0 0 66.51223 98.906053 0 14.796462 6.686462 0
12 12 85.994208 0 86.641051 0 0 68.316286 98.938176 0 16.771771 6.686783 0
13 13 86.673671 0 86.285778 0 0 69.355145 98.955731 0 18.740606 6.687101 0
14 14 86.590853 0 85.930409 0 0 69.952731 98.965537 0 20.685019 6.687418 0
15 15 84.940447 0 85.575093 0 0 70.296621 98.971088 0 22.594718 6.687736 0
16 16 84.52708 0 85.219777 0 0 70.495066 98.97426 0 24.46518 6.688056 0
17 17 84.502595 0 84.864403 0 0 70.610163 98.97609 0 26.294495 6.688379 0
18 18 83.824393 0 84.50904 0 0 70.677473 98.977156 0 28.081536 6.688703 0
19 19 83.469899 0 84.153689 0 0 70.717394 98.977787 0 29.826332 6.689031 0
20 20 83.114324 0 83.798352 0 0 70.741605 98.978169 0 31.529351 6.689361 0
21 21 82.798898 0 83.442964 0 0 70.756797 98.978408 0 33.191602 6.689694 0
22 22 82.888197 0 83.087658 0 0 70.76679 98.978566 0 34.81329 6.690029 0
23 23 81.823633 0 82.7323 0 0 70.773783 98.978676 0 36.395901 6.690368 0
24 24 82.310816 0 82.376958 0 0 70.779027 98.978758 0 37.940032 6.690709 0
25 25 82.128797 0 82.021565 0 0 70.783242 98.978825 0 39.44687 6.691054 0
26 26 81.462658 0 81.666255 0 0 70.78684 98.978882 0 40.91674 6.691401 0
27 27 81.299904 0 81.310893 0 0 70.790059 98.978933 0 42.351084 6.691751 0
28 28 80.799939 0 80.955548 0 0 70.793034 98.97898 0 43.750484 6.692105 0
29 29 80.399895 0 80.600219 0 0 70.795844 98.979025 0 45.115788 6.692461 0
30 30 79.126308 0 80.244906 0 0 70.798534 98.979068 0 46.447822 6.692821 0
31 31 79.582523 0 79.88961 0 0 70.801131 98.97911 0 47.747395 6.693184 0
32 32 79.439573 0 79.534261 0 0 70.803652 98.979151 0 49.01554 6.69355 0
33 33 78.956712 0 79.178929 0 0 70.806105 98.979191 0 50.252774 6.693919 0
34 34 78.427041 0 78.823614 0 0 70.808497 98.979229 0 51.459847 6.694292 0
35 35 78.556668 0 78.468316 0 0 70.810832 98.979268 0 52.637494 6.694668 0
36 36 77.172358 0 78.112964 0 0 70.813113 98.979305 0 53.786657 6.695048 0
37 37 77.295144 0 77.7577 0 0 70.815342 98.979342 0 54.907578 6.695431 0
38 38 78.023216 0 77.402383 0 0 70.817521 98.979378 0 56.001386 6.695817 0
39 39 77.082699 0 77.047082 0 0 70.819651 98.979413 0 57.068521 6.696207 0
40 40 76.455628 0 76.6918 0 0 70.821734 98.979448 0 58.109632 6.696601 0
41 41 76.296654 0 76.336462 0 0 70.823772 98.979482 0 59.125557 6.696998 0
42 42 76.078269 0 75.981215 0 0 70.825764 98.979515 0 60.116502 6.697399 0
43 43 75.365679 0 75.625912 0 0 70.827712 98.979548 0 61.083476 6.697804 0
44 44 75.410329 0 75.270628 0 0 70.829619 98.979581 0 62.026862 6.698213 0
45 45 75.669943 0 74.915362 0 0 70.831483 98.979612 0 62.947235 6.698625 0
46 46 75.326971 0 74.560039 0 0 70.833308 98.979644 0 63.845341 6.699042 0
47 47 75.092202 0 74.204735 0 0 70.835094 98.979675 0 64.721534 6.699462 0
48 48 73.861104 0 73.849524 0 0 70.83684 98.979705 0 65.576171 6.699886 0
49 49 72.990621 0 73.494256 0 0 70.83855 98.979735 0 66.410132 6.700315 0
50 50 72.665653 0 73.138932 0 0 70.840224 98.979764 0 67.223915 6.700748 0
51 51 72.534045 0 72.783702 0 0 70.841862 98.979793 0 68.01767 6.701185 0
52 52 71.632056 0 72.428414 0 0 70.843465 98.979821 0 68.792221 6.701626 0
53 53 71.547979 0 72.073146 0 0 70.845035 98.979849 0 69.547868 6.702071 0
54 54 71.455619 0 71.717896 0 0 70.846573 98.979877 0 70.285072 6.702521 0
55 55 71.462641 0 71.362666 0 0 70.848078 98.979904 0 71.004284 6.702976 0
56 56 70.817925 0 71.007455 0 0 70.849552 98.979931 0 71.705942 6.703435 0
57 57 69.892351 0 70.652186 0 0 70.850997 98.979957 0 72.390623 6.703898 0
58 58 70.104796 0 70.296936 0 0 70.852411 98.979983 0 73.05859 6.704366 0
59 59 69.771366 0 69.941706 0 0 70.853798 98.980009 0 73.71025 6.704839 0
60 60 68.865236 0 69.586496 0 0 70.855156 98.980035 0 74.346002 6.705317 0
61 61 68.097375 0 69.231226 0 0 70.856487 98.98006 0 74.966371 6.7058 0
62 62 68.098995 0 68.876056 0 0 70.857792 98.980084 0 75.571458 6.706288 0
63 63 68.499579 0 68.520826 0 0 70.859071 98.980109 0 76.161905 6.70678 0
64 64 68.258689 0 68.165617 0 0 70.860325 98.980133 0 76.737935 6.707278 0
65 65 68.171911 0 67.810428 0 0 70.861555 98.980157 0 77.2999 6.707781 0
66 66 67.493348 0 67.455179 0 0 70.862761 98.980181 0 77.848267 6.70829 0
67 67 67.376144 0 67.099949 0 0 70.863944 98.980204 0 78.383243 6.708803 0
68 68 67.12283 0 66.744824 0 0 70.865105 98.980227 0 78.905034 6.709323 0
69 69 66.906965 0 66.389554 0 0 70.866244 98.98025 0 79.414318 6.709847 0
70 70 66.510342 0 66.034388 0 0 70.867362 98.980272 0 79.911048 6.710378 0
71 71 66.493238 0 65.679243 0 0 70.868459 98.980295 0 80.395646 6.710914 0
72 72 66.057007 0 65.324037 0 0 70.869537 98.980317 0 80.86852 6.711456 0
73 73 65.551101 0 64.968852 0 0 70.870595 98.980339 0 81.329844 6.712004 0
74 74 65.31057 0 64.613688 0 0 70.871634 98.980361 0 81.779899 6.712558 0
75 75 64.253389 0 64.258461 0 0 70.872655 98.980382 0 82.219066 6.713118 0
76 76 63.885932 0 63.903343 0 0 70.873658 98.980404 0 82.6474 6.713684 0
77 77 64.587719 0 63.54816 0 0 70.874644 98.980425 0 83.065373 6.714256 0
78 78 64.030142 0 63.192999 0 0 70.875613 98.980446 0 83.473135 6.714835 0
79 79 63.508212 0 62.837862 0 0 70.876566 98.980467 0 83.870934 6.715421 0
80 80 63.266062 0 62.482747 0 0 70.877503 98.980488 0 84.259015 6.716013 0
81 81 62.850174 0 62.127567 0 0 70.878425 98.980509 0 84.637708 6.716612 0
82 82 62.548071 0 61.77241 0 0 70.879333 98.980529 0 85.007148 6.717218 0
83 83 62.246328 0 61.417276 0 0 70.880226 98.98055 0 85.367561 6.71783 0
84 84 62.189256 0 61.062166 0 0 70.881105 98.98057 0 85.719168 6.71845 0
85 85 61.810096 0 60.70708 0 0 70.88197 98.98059 0 86.062182 6.719077 0
86 86 61.699373 0 60.351927 0 0 70.882823 98.98061 0 86.396901 6.719712 0
87 87 61.309231 0 59.996798 0 0 70.883663 98.98063 0 86.723439 6.720354 0
88 88 60.434788 0 59.641693 0 0 70.884491 98.98065 0 87.041998 6.721003 0
89 89 60.11126 0 59.286613 0 0 70.885307 98.98067 0 87.352771 6.721661 0
90 90 59.625338 0 58.931464 0 0 70.886112 98.98069 0 87.656028 6.722326 0
91 91 59.724539 0 58.576434 0 0 70.886906 98.98071 0 87.951795 6.722999 0
92 92 58.954878 0 58.221336 0 0 70.887689 98.980729 0 88.240411 6.723681 0
93 93 58.807967 0 57.866262 0 0 70.888462 98.980749 0 88.521972 6.724371 0
94 94 58.44051 0 57.511119 0 0 70.889226 98.980769 0 88.796724 6.725069 0
95 95 58.225905 0 57.156097 0 0 70.889979 98.980788 0 89.064688 6.725776 0
96 96 57.658426 0 56.801004 0 0 70.890724 98.980808 0 89.326172 6.726492 0
97 97 57.366584 0 56.445938 0 0 70.89146 98.980828 0 89.581265 6.727217 0
98 98 57.20041 0 56.090898 0 0 70.892188 98.980847 0 89.830121 6.727951 0
99 99 56.418506 0 55.735786 0 0 70.892908 98.980867 0 90.072961 6.728695 0
100 100 56.369895 0 55.380801 0 0 70.89362 98.980886 0 90.309798 6.729448 0
101 101 56.212362 0 55.025742 0 0 70.894325 98.980906 0 90.54091 6.73021 0
102 102 55.777571 0 54.670712 0 0 70.895022 98.980926 0 90.766371 6.730983 0
103 103 55.801156 0 54.315709 0 0 70.895713 98.980945 0 90.98632 6.731765 0
104 104 54.681321 0 53.960632 0 0 70.896398 98.980965 0 91.200952 6.732558 0
105 105 54.686903 0 53.605582 0 0 70.897076 98.980985 0 91.410335 6.733362 0
106 106 54.253372 0 53.250561 0 0 70.897749 98.981004 0 91.614599 6.734176 0
107 107 54.123204 0 52.895568 0 0 70.898416 98.981024 0 91.813868 6.735001 0
108 108 54.020223 0 52.540605 0 0 70.899078 98.981044 0 92.008264 6.735837 0
109 109 53.288009 0 52.185565 0 0 70.899736 98.981064 0 92.197962 6.736685 0
110 110 53.117513 0 51.830662 0 0 70.900388 98.981084 0 92.382966 6.737543 0
111 111 52.944137 0 51.475681 0 0 70.901037 98.981104 0 92.5635 6.738414 0
112 112 52.038907 0 51.120623 0 0 70.901681 98.981125 0 92.739672 6.739298 0
113 113 51.835825 0.052139 50.765704 0 0 70.902322 98.981145 0 92.911483 6.740193 0
114 114 51.305613 0.326454 50.548745 0.58277 0 74.520317 99.653855 0 73.540867 7.429897 69.495917
115 115 51.618519 0.806837 50.51913 1.186371 0 84.62379 99.962726 0 35.596736 8.171847 85.85534
116 116 51.688914 1.404541 50.510699 1.815589 0 91.469634 99.984289 0 11.029992 8.578777 86.505037
117 117 51.260244 1.907548 50.506164 2.463942 0 95.280128 99.990582 0 3.11985 8.838293 86.372071
118 118 51.389871 2.263708 50.503502 3.118694 0 97.351424 99.993554 0 1.558374 9.017025 86.081339
119 119 51.578731 2.446529 50.502961 3.78782 0 98.515493 99.999712 0 1.189132 9.134782 86.3262
120 120 51.308314 2.545467 50.504301 3.738574 0 99.18948 99.999732 0 1.142071 9.125596 86.338956
121 121 51.154562 2.63222 50.506043 3.690382 0 99.523356 99.999763 0 1.159808 13.358943 84.094461
122 122 51.185888 2.696806 50.507625 3.642533 0 99.689306 99.999802 0 1.177221 15.461777 83.016327
123 123 51.469628 2.755529 50.508469 3.59436 0 99.772293 99.999853 0 1.193747 9.097763 86.459813
124 124 51.380869 2.801941 50.510325 3.547868 0 99.814285 99.999895 0 1.209916 13.569157 84.131792
125 125 51.028355 2.840909 50.511391 3.501008 0 99.836049 99.999949 0 1.226015 9.078752 86.541592
126 126 51.202272 2.866278 50.512898 3.455148 0 99.847854 100 0 1.242196 9.069108 86.582859
127 127 51.212174 2.882996 50.514232 3.410145 0 99.853493 99.998702 0 1.258444 9.079169 86.161041
128 128 51.136918 2.894433 50.51262 3.367886 0 99.758969 99.994497 0 1.273116 9.070805 85.955951
129 129 50.588343 2.902667 50.510915 3.326092 0 99.699643 99.994397 0 1.287943 9.062195 85.976424
130 130 51.095329 2.907408 50.509155 3.284798 0 99.667284 99.994296 0 1.303341 9.053527 85.996658
131 131 50.856239 2.907491 50.507339 3.243996 0 99.648728 99.994194 0 1.319154 9.044798 86.016647
132 132 50.590503 2.905454 50.505467 3.203681 0 99.637222 99.994091 0 1.335281 9.036011 86.036384
133 133 51.00477 2.900921 50.503538 3.163851 0 99.629298 99.993985 0 1.351671 9.027164 86.055862
134 134 51.117654 2.8988 50.50155 3.124498 0 99.623175 99.993878 0 1.368296 9.018259 86.075075
135 135 51.617259 2.902002 50.499502 3.085608 0 99.617938 99.993768 0 1.38515 9.009292 86.094022
136 136 51.367906 2.894558 50.497393 3.047189 0 99.613118 99.993656 0 1.40222 9.000268 86.11269
137 137 51.365386 2.882996 50.495222 3.009223 0 99.608471 99.993543 0 1.419513 8.991183 86.131079
138 138 51.1452 2.870312 50.492989 2.971713 0 99.603873 99.993427 0 1.437023 8.982038 86.149179
139 139 51.110813 2.848852 50.490691 2.934644 0 99.599259 99.993309 0 1.454758 8.972833 86.166987
140 140 50.917632 2.823151 50.488328 2.898026 0 99.594595 99.993189 0 1.472713 8.96357 86.184491
141 141 50.808169 2.808512 50.485898 2.861835 0 99.589862 99.993066 0 1.490899 8.954245 86.201693
142 142 50.470778 2.792625 50.483401 2.826084 0 99.585052 99.992942 0 1.50931 8.944862 86.218579
143 143 50.649736 2.774327 50.480835 2.790754 0 99.580157 99.992815 0 1.527955 8.935418 86.235147
144 144 50.401644 2.756693 50.4782 2.755843 0 99.575175 99.992686 0 1.546837 8.925913 86.251391
145 145 50.48032 2.740141 50.475493 2.72135 0 99.570104 99.992554 0 1.565957 8.916349 86.267302
146 146 51.307414 2.725086 50.472713 2.687265 0 99.564941 99.99242 0 1.585319 8.906724 86.282877
147 147 51.741845 2.71419 50.46986 2.653583 0 99.559684 99.992284 0 1.604929 8.897039 86.298108
148 148 51.654166 2.698345 50.466932 2.620305 0 99.554333 99.992145 0 1.624785 8.887294 86.312987
149 149 51.366646 2.681045 50.463928 2.587423 0 99.548887 99.992004 0 1.644892 8.877489 86.327509
150 150 51.324517 2.662787 50.460847 2.554931 0 99.543343 99.99186 0 1.665256 8.867624 86.341667
151 151 51.276087 2.642576 50.457687 2.522822 0 99.5377 99.991713 0 1.68588 8.857698 86.355456
152 152 50.873883 2.623154 50.454447 2.491097 0 99.531957 99.991564 0 1.706765 8.847712 86.368867
153 153 50.28876 2.606935 50.451125 2.45975 0 99.526114 99.991413 0 1.727915 8.837666 86.381894
154 154 50.469518 2.591838 50.447721 2.428773 0 99.520167 99.991258 0 1.749335 8.827559 86.394531
155 155 50.310725 2.576658 50.444233 2.398163 0 99.514117 99.991101 0 1.771029 8.817392 86.406772
156 156 50.658378 2.556488 50.440659 2.367915 0 99.50796 99.990942 0 1.793002 8.807164 86.41861
157 157 51.199211 2.533324 50.436998 2.33803 0 99.501698 99.990779 0 1.815251 8.796878 86.430036
158 158 51.246021 2.507913 50.43325 2.308497 0 99.495327 99.990614 0 1.837788 8.786529 86.441045
159 159 50.785844 2.488242 50.429411 2.279313 0 99.488847 99.990446 0 1.860614 8.776121 86.451631
160 160 51.28977 2.471773 50.425481 2.250476 0 99.482255 99.990275 0 1.883731 8.765652 86.461786
161 161 50.815551 2.455055 50.421459 2.221979 0 99.475551 99.990101 0 1.907147 8.755123 86.471503
162 162 50.882525 2.442828 50.417342 2.19382 0 99.468732 99.989924 0 1.930863 8.744533 86.480775
163 163 50.596085 2.438545 50.41313 2.165992 0 99.461798 99.989744 0 1.954885 8.733882 86.489596
164 164 51.031416 2.427108 50.408821 2.138493 0 99.454746 99.989561 0 1.979218 8.723171 86.497959
165 165 50.658018 2.401531 50.404413 2.111321 0 99.447576 99.989375 0 2.003863 8.712399 86.505855
166 166 50.846877 2.36589 50.399905 2.084473 0 99.440286 99.989186 0 2.028823 8.701569 86.513278
167 167 50.558817 2.340563 50.395295 2.057939 0 99.432874 99.988994 0 2.054109 8.690677 86.520221
168 168 50.610308 2.319935 50.390581 2.031716 0 99.425338 99.988798 0 2.079725 8.679724 86.526677
169 169 50.931315 2.300847 50.385763 2.005807 0 99.417677 99.988599 0 2.105668 8.668711 86.532638
170 170 50.777203 2.286457 50.380839 1.980205 0 99.40989 99.988397 0 2.131947 8.657639 86.538097
171 171 50.748937 2.276393 50.375805 1.9549 0 99.401973 99.988192 0 2.158574 8.646504 86.543048
172 172 50.731293 2.263209 50.370662 1.929897 0 99.393927 99.987983 0 2.185542 8.635311 86.547481
173 173 50.508226 2.248113 50.365407 1.905191 0 99.38575 99.987771 0 2.212859 8.624058 86.55139
174 174 51.070484 2.229897 50.360039 1.880771 0 99.377437 99.987555 0 2.240539 8.612742 86.554768
175 175 50.228267 2.20744 50.354556 1.856643 0 99.368991 99.987335 0 2.268574 8.601369 86.557607
176 176 50.661438 2.184733 50.348955 1.832797 0 99.360406 99.987113 0 2.29698 8.589933 86.559898
177 177 50.030046 2.164355 50.343236 1.809232 0 99.351682 99.986886 0 2.325758 8.578437 86.561636
178 178 50.800067 2.143311 50.337397 1.785948 0 99.342819 99.986656 0 2.354907 8.566883 86.562811
179 179 50.86146 2.126759 50.331435 1.762933 0 99.333811 99.986422 0 2.384448 8.555266 86.563416
180 180 50.636053 2.108876 50.325349 1.740191 0 99.324659 99.986184 0 2.414372 8.54359 86.563444
181 181 50.697806 2.091659 50.319138 1.717717 0 99.315361 99.985943 0 2.44469 8.531854 86.562886
182 182 50.439092 2.078434 50.312799 1.69551 0 99.305915 99.985697 0 2.475406 8.520059 86.561734
183 183 50.552876 2.061674 50.306329 1.673562 0 99.296317 99.985448 0 2.506528 8.508203 86.55998
184 184 50.863081 2.04691 50.299728 1.651869 0 99.286566 99.985195 0 2.538067 8.496284 86.557617
185 185 50.857499 2.030025 50.292994 1.630437 0 99.276663 99.984937 0 2.570015 8.484309 86.554636
186 186 49.974234 2.01131 50.286122 1.609251 0 99.2666 99.984676 0 2.602396 8.472271 86.551027
187 187 49.689955 1.992845 50.279115 1.588317 0 99.25638 99.98441 0 2.6352 8.460174 86.546785
188 188 49.790956 1.973133 50.271966 1.567627 0 99.245998 99.98414 0 2.668445 8.448016 86.5419
189 189 50.09648 1.951632 50.264677 1.547181 0 99.235454 99.983866 0 2.70213 8.435799 86.536363
190 190 50.266435 1.932959 50.257244 1.526975 0 99.224745 99.983587 0 2.736265 8.423522 86.530167
191 191 50.38202 1.914452 50.249664 1.507007 0 99.213867 99.983305 0 2.770855 8.411185 86.523301
192 192 50.459616 1.89582 50.241938 1.487274 0 99.202821 99.983017 0 2.805905 8.398789 86.515759
193 193 49.625681 1.878728 50.23406 1.467772 0 99.191602 99.982725 0 2.841428 8.386333 86.507531
194 194 49.992598 1.863881 50.226029 1.448495 0 99.180207 99.982429 0 2.877434 8.373813 86.498606
195 195 49.917522 1.850656 50.217845 1.429448 0 99.168637 99.982128 0 2.913916 8.361237 86.488978
196 196 50.19136 1.838096 50.209503 1.410622 0 99.156886 99.981822 0 2.950893 8.3486 86.478636
197 197 50.448094 1.819881 50.201003 1.39202 0 99.144956 99.981511 0 2.988364 8.335904 86.467574
198 198 49.868552 1.800251 50.19234 1.373632 0 99.132838 99.981195 0 3.026348 8.323147 86.455778
199 199 49.848388 1.782036 50.183513 1.355461 0 99.120535 99.980875 0 3.064845 8.31033 86.443241
200 200 49.918783 1.763362 50.17452 1.3375 0 99.10804 99.980549 0 3.103867 8.297451 86.429952
201 201 50.388861 1.743442 50.165359 1.319753 0 99.095356 99.980219 0 3.143414 8.284515 86.415905
202 202 50.210264 1.725351 50.156028 1.302213 0 99.082477 99.979883 0 3.183499 8.271519 86.401088
203 203 49.823903 1.70934 50.146521 1.284877 0 99.069398 99.979542 0 3.224136 8.258461 86.385489
204 204 50.029506 1.694368 50.13684 1.267744 0 99.05612 99.979196 0 3.265324 8.245345 86.369101
205 205 49.805899 1.680935 50.126979 1.250812 0 99.042638 99.978844 0 3.307078 8.232168 86.351912
206 206 49.732984 1.666795 50.11694 1.23408 0 99.028953 99.978487 0 3.349396 8.218933 86.333916
207 207 49.869092 1.653279 50.106715 1.217542 0 99.015057 99.978124 0 3.392303 8.205637 86.315097
208 208 49.52684 1.63656 50.096303 1.201195 0 99.000947 99.977756 0 3.435805 8.192278 86.295444
209 209 50.066414 1.61926 50.085703 1.185041 0 98.986623 99.977382 0 3.479901 8.178862 86.274952
210 210 50.134648 1.602167 50.074911 1.169075 0 98.972082 99.977002 0 3.524607 8.165385 86.253606
211 211 50.028606 1.587778 50.063925 1.153297 0 98.957319 99.976616 0 3.569931 8.151849 86.231397
212 212 49.962532 1.576549 50.052743 1.137704 0 98.942333 99.976225 0 3.615881 8.138253 86.208315
213 213 49.95317 1.564031 50.041359 1.122291 0 98.927117 99.975827 0 3.662474 8.124596 86.184343
214 214 50.036887 1.549808 50.029772 1.107058 0 98.91167 99.975423 0 3.709719 8.110877 86.159473
215 215 49.983956 1.533339 50.017982 1.092005 0 98.895991 99.975013 0 3.757613 8.097102 86.133698
216 216 49.707958 1.517411 50.005981 1.077126 0 98.880071 99.974596 0 3.806186 8.083263 86.106997
217 217 49.739825 1.500859 49.993769 1.062421 0 98.863911 99.974173 0 3.855435 8.069365 86.079365
218 218 49.604617 1.48755 49.981342 1.047886 0 98.847505 99.973744 0 3.905381 8.055406 86.050784
219 219 49.375789 1.471913 49.968698 1.033524 0 98.830852 99.973308 0 3.956022 8.041388 86.02125
220 220 49.366427 1.458106 49.955834 1.019329 0 98.813947 99.972865 0 4.007377 8.027309 85.990745
221 221 49.177567 1.44093 49.942744 1.005296 0 98.796782 99.972415 0 4.059467 8.013168 85.959251
222 222 49.871973 1.425792 49.92943 0.991432 0 98.779362 99.971958 0 4.11228 7.998969 85.926769
223 223 49.00149 1.411652 49.915884 0.977728 0 98.761676 99.971494 0 4.165848 7.984709 85.893275
224 224 49.061623 1.398136 49.902104 0.964183 0 98.743721 99.971023 0 4.220181 7.970386 85.858755
225 225 49.14354 1.38541 49.888086 0.950795 0 98.725493 99.970545 0 4.275291 7.956003 85.823196
226 226 49.14192 1.372518 49.873831 0.937566 0 98.706994 99.970059 0 4.331175 7.941561 85.786596
227 227 49.542324 1.36 49.85933 0.92449 0 98.68821 99.969566 0 4.387868 7.927056 85.748924
228 228 49.349683 1.347898 49.844583 0.911567 0 98.669143 99.969065 0 4.445369 7.912491 85.710177
229 229 49.766831 1.335796 49.829584 0.898794 0 98.649785 99.968556 0 4.503703 7.897864 85.670331
230 230 49.711559 1.321947 49.814333 0.886172 0 98.630137 99.968039 0 4.562868 7.883177 85.629383
231 231 49.408916 1.30868 49.79882 0.873694 0 98.610185 99.967514 0 4.622903 7.868425 85.5873
232 232 49.57419 1.296037 49.783049 0.861365 0 98.589934 99.966981 0 4.683792 7.853615 85.544088
233 233 49.180988 1.281191 49.767014 0.849179 0 98.569377 99.96644 0 4.745561 7.838744 85.499722
234 234 48.982226 1.267051 49.750707 0.837135 0 98.548504 99.96589 0 4.808237 7.823808 85.454179
235 235 49.091689 1.252869 49.734129 0.825232 0 98.527316 99.965332 0 4.871819 7.808813 85.407453
236 236 49.470309 1.239727 49.717273 0.813468 0 98.505803 99.964764 0 4.936334 7.793754 85.35952
237 237 49.305394 1.227417 49.700135 0.80184 0 98.483961 99.964188 0 5.001797 7.778632 85.310362
238 238 49.452665 1.214525 49.682717 0.790351 0 98.461791 99.963603 0 5.068205 7.763451 85.259977
239 239 49.272807 1.200801 49.665006 0.778994 0 98.439278 99.963008 0 5.135604 7.748205 85.208326
240 240 49.355624 1.186702 49.647002 0.76777 0 98.416422 99.962405 0 5.203992 7.732896 85.155402
241 241 49.511897 1.174143 49.628703 0.756678 0 98.393218 99.961791 0 5.273385 7.717526 85.101191
242 242 49.646565 1.162082 49.610105 0.745717 0 98.369662 99.961168 0 5.343796 7.702094 85.045676
243 243 49.61956 1.148358 49.591195 0.734881 0 98.345737 99.960535 0 5.415274 7.686595 84.988812
244 244 48.852599 1.136963 49.571978 0.724174 0 98.321449 99.959892 0 5.487803 7.671034 84.93061
245 245 48.914352 1.123738 49.552446 0.713592 0 98.296787 99.959239 0 5.561414 7.65541 84.871036
246 246 49.304134 1.108725 49.532594 0.703134 0 98.271746 99.958575 0 5.636124 7.639722 84.810073
247 247 48.969804 1.097662 49.51242 0.692799 0 98.24632 99.957901 0 5.711951 7.623971 84.747703
248 248 48.454175 1.085436 49.491918 0.682586 0 98.220503 99.957216 0 5.78891 7.608156 84.683906
249 249 48.358935 1.072668 49.47108 0.672491 0 98.194284 99.95652 0 5.867039 7.592274 84.618646
250 250 48.443913 1.062437 49.449907 0.662516 0 98.167662 99.955813 0 5.946335 7.57633 84.55192
251 251 49.018234 1.050377 49.428388 0.652657 0 98.140625 99.955094 0 6.026838 7.56032 84.483692
252 252 48.990328 1.040313 49.40652 0.642914 0 98.113167 99.954364 0 6.108565 7.544243 84.413939
253 253 48.90625 1.029749 49.384304 0.633287 0 98.085288 99.953622 0 6.191516 7.528104 84.342658
254 254 48.784365 1.017148 49.361724 0.623771 0 98.056968 99.952868 0 6.275751 7.511896 84.269791
255 255 48.813891 1.007167 49.338786 0.61437 0 98.028214 99.952102 0 6.361248 7.495626 84.195354
256 256 48.840536 0.99469 49.315474 0.605077 0 97.999004 99.951323 0 6.448069 7.479286 84.119285
257 257 48.439232 0.981299 49.29179 0.595895 0 97.96934 99.950532 0 6.536216 7.462881 84.041581
258 258 48.281699 0.969946 49.267729 0.586822 0 97.939213 99.949727 0 6.625707 7.446411 83.962217
259 259 48.52583 0.958883 49.243279 0.577855 0 97.908609 99.94891 0 6.716588 7.429871 83.88115
260 260 48.519529 0.946864 49.218435 0.568994 0 97.877521 99.948079 0 6.808881 7.413263 83.798353
261 261 49.011392 0.935594 49.193199 0.560238 0 97.845948 99.947234 0 6.902585 7.39659 83.713823
262 262 48.766361 0.923575 49.167558 0.551586 0 97.813874 99.946375 0 6.997748 7.379848 83.627513
263 263 48.413487 0.910142 49.141508 0.543037 0 97.781291 99.945502 0 7.094392 7.363037 83.539395
264 264 48.420688 0.899786 49.115043 0.534588 0 97.748192 99.944615 0 7.192542 7.346157 83.449441
265 265 48.646096 0.890013 49.088157 0.52624 0 97.714566 99.943713 0 7.292222 7.329209 83.357625
266 266 48.168816 0.882028 49.060845 0.517992 0 97.680407 99.942795 0 7.393458 7.312192 83.263917
267 267 48.577321 0.873919 49.03313 0.509855 0 97.645694 99.941817 0 7.496193 7.384773 83.137622
268 268 48.541314 0.864811 49.00486 0.501864 0 97.603765 99.940402 0 7.599542 6.664854 83.093395
269 269 48.385041 0.855662 48.976332 0.493994 0 97.561996 99.939429 0 7.704385 7.345744 82.896659
270 270 48.106523 0.845306 48.947127 0.486178 0 97.522629 99.938472 0 7.810893 6.663829 82.889006
271 271 48.110843 0.83362 48.917613 0.478476 0 97.484434 99.937497 0 7.919131 6.798314 82.766538
272 272 48.122366 0.822474 48.887676 0.470916 0 97.44414 99.936046 0 8.028446 6.680285 82.611613
273 273 48.172596 0.81137 48.857249 0.463473 0 97.397353 99.934874 0 8.138784 6.679388 82.492439
274 274 47.971314 0.802096 48.826337 0.456109 0 97.353821 99.933867 0 8.250871 6.678482 82.385226
275 275 48.122006 0.793612 48.794957 0.44883 0 97.312698 99.932854 0 8.364828 6.677589 82.276596
276 276 48.23957 0.783132 48.763102 0.441633 0 97.272666 99.931825 0 8.480727 6.676708 82.165867
277 277 47.932246 0.775147 48.730756 0.434517 0 97.232936 99.930778 0 8.598632 6.67584 82.052936
278 278 47.95205 0.763586 48.697911 0.427481 0 97.193071 99.929712 0 8.718565 6.674986 81.937758
279 279 47.638604 0.753896 48.664568 0.420526 0 97.152832 99.928627 0 8.840513 6.674144 81.820323
280 280 47.2364 0.746784 48.63071 0.41365 0 97.112065 99.927523 0 8.964529 6.673316 81.700556
281 281 47.355405 0.736803 48.596329 0.406851 0 97.070684 99.926399 0 9.090638 6.672502 81.578412
282 282 46.966884 0.728069 48.561426 0.400132 0 97.028647 99.925254 0 9.218833 6.6717 81.453881
283 283 46.953921 0.719669 48.525972 0.393488 0 96.985895 99.924088 0 9.349216 6.670913 81.326845
284 284 46.941138 0.70948 48.489978 0.386922 0 96.942423 99.922901 0 9.481749 6.670138 81.197329
285 285 47.248823 0.702534 48.453427 0.380431 0 96.898199 99.921692 0 9.616504 6.669378 81.065249
286 286 47.6197 0.692054 48.416297 0.374014 0 96.85319 99.92046 0 9.753559 6.668631 80.930516
287 287 47.75977 0.682447 48.3786 0.367672 0 96.807405 99.919205 0 9.892875 6.667898 80.793157
288 288 48.266576 0.673173 48.340306 0.361403 0 96.760801 99.917927 0 10.034572 6.667179 80.65304
289 289 48.009122 0.664481 48.301415 0.355207 0 96.713374 99.916624 0 10.178653 6.666474 80.510153
290 290 47.746447 0.65608 48.261917 0.349084 0 96.665106 99.915297 0 10.325161 6.665783 80.36444
291 291 47.324078 0.646058 48.22179 0.343032 0 96.615967 99.913945 0 10.474183 6.665106 80.215804
292 292 47.211195 0.637948 48.181047 0.337052 0 96.565968 99.912568 0 10.625678 6.664444 80.064273
293 293 47.700897 0.630171 48.139643 0.331141 0 96.515046 99.911163 0 10.779824 6.663795 79.909657
294 294 46.793867 0.620689 48.0976 0.325301 0 96.463229 99.909732 0 10.936535 6.663162 79.752031
295 295 46.724013 0.612704 48.054885 0.31953 0 96.410466 99.908274 0 11.095948 6.662543 79.591242
296 296 47.199132 0.604428 48.011485 0.313827 0 96.35674 99.906787 0 11.258116 6.661939 79.427226
297 297 46.632913 0.59636 47.967401 0.308193 0 96.302045 99.905271 0 11.42304 6.661349 79.259967
298 298 46.748318 0.589955 47.922609 0.302626 0 96.246346 99.903726 0 11.59082 6.660775 79.08935
299 299 47.47261 0.582594 47.877107 0.297127 0 96.189638 99.902151 0 11.761459 6.660216 78.915359
300 300 47.38151 0.574402 47.830872 0.291694 0 96.131885 99.900545 0 11.93506 6.659672 78.737873
301 301 47.078867 0.567831 47.783889 0.286326 0 96.073064 99.898906 0 12.111678 6.659143 78.556821
302 302 47.020535 0.559471 47.73616 0.281025 0 96.01317 99.897236 0 12.291314 6.65863 78.372186
303 303 46.76164 0.553815 47.687656 0.275788 0 95.952164 99.895533 0 12.474079 6.658133 78.18384
304 304 47.072566 0.546496 47.638363 0.270615 0 95.890022 99.893796 0 12.660028 6.657652 77.991707
305 305 46.899009 0.538428 47.588283 0.265507 0 95.82674 99.892024 0 12.849164 6.657186 77.795769
306 306 46.71285 0.532813 47.537371 0.260461 0 95.762257 99.890216 0 13.041659 6.656737 77.595831
307 307 46.970664 0.524745 47.485642 0.25548 0 95.696585 99.888372 0 13.237457 6.656304 77.39193
308 308 46.619231 0.517218 47.433065 0.25056 0 95.62968 99.886491 0 13.436678 6.655887 77.183926
309 309 46.312266 0.509441 47.379625 0.245702 0 95.561517 99.884572 0 13.639382 6.655488 76.971735
310 310 46.42695 0.50208 47.325323 0.240907 0 95.492091 99.882614 0 13.84557 6.655105 76.755339
311 311 46.528131 0.494303 47.270109 0.236172 0 95.421334 99.880616 0 14.055429 6.654739 76.534519
312 312 46.179218 0.486692 47.214 0.231499 0 95.34926 99.878577 0 14.268897 6.65439 76.309321
313 313 46.651457 0.479622 47.156945 0.226884 0 95.275799 99.876496 0 14.486167 6.654059 76.079519
314 314 46.385182 0.47301 47.098962 0.222331 0 95.200967 99.874373 0 14.707173 6.653745 75.845161
315 315 45.985138 0.465274 47.040014 0.217837 0 95.124714 99.872206 0 14.932048 6.653449 75.606085
316 316 45.576092 0.458412 46.980066 0.2134 0 95.046986 99.869993 0 15.160928 6.653172 75.362122
317 317 46.156894 0.451176 46.919135 0.209024 0 94.967802 99.867735 0 15.393741 6.652912 75.113324
318 318 46.240971 0.444938 46.857184 0.204705 0 94.887107 99.865431 0 15.630625 6.652671 74.859522
319 319 46.004942 0.438409 46.794195 0.200445 0 94.804872 99.863078 0 15.871647 6.652449 74.600615
320 320 45.794118 0.430923 46.730146 0.196242 0 94.721066 99.860676 0 16.116879 6.652246 74.336505
321 321 46.079657 0.425683 46.665018 0.192096 0 94.635656 99.858223 0 16.366388 6.652062 74.067089
322 322 46.23323 0.419985 46.598791 0.188007 0 94.548612 99.855719 0 16.620245 6.651897 73.792266
323 323 45.66287 0.412499 46.531442 0.183974 0 94.459901 99.853163 0 16.878521 6.651752 73.511932
324 324 45.70914 0.40701 46.462973 0.179998 0 94.369518 99.850553 0 17.141203 6.651628 73.226071
325 325 45.941929 0.401354 46.393317 0.176077 0 94.277376 99.847888 0 17.408527 6.651523 72.934399
326 326 45.782595 0.395531 46.322475 0.17221 0 94.183467 99.845166 0 17.680481 6.651439 72.636899
327 327 45.059383 0.389168 46.250445 0.168401 0 94.087789 99.842387 0 17.95705 6.651376 72.333558
328 328 45.369228 0.382556 46.177159 0.164644 0 93.990248 99.839548 0 18.238479 6.651334 72.024077
329 329 45.28083 0.377524 46.102639 0.160943 0 93.890872 99.836651 0 18.524661 6.651313 71.708543
330 330 45.366168 0.374654 46.026839 0.157296 0 93.789594 99.833691 0 18.815756 6.651314 71.386748
331 331 45.576092 0.369248 45.949732 0.153703 0 93.686381 99.830669 0 19.111832 6.651337 71.058585
332 332 45.695097 0.36355 45.871294 0.150162 0 93.581198 99.827582 0 19.412962 6.651383 70.723941
333 333 45.28209 0.357104 45.791498 0.146675 0 93.474011 99.82443 0 19.719215 6.651451 70.382708
334 334 45.015094 0.351198 45.710345 0.143242 0 93.364819 99.821211 0 20.03056 6.651542 70.034888
335 335 44.723613 0.346624 45.627783 0.139861 0 93.253554 99.817924 0 20.347161 6.651656 69.680263
336 336 44.962343 0.341051 45.543783 0.136532 0 93.140181 99.814567 0 20.669087 6.651794 69.318725
337 337 45.498496 0.335603 45.458318 0.133254 0 93.024666 99.811139 0 20.996405 6.651956 68.950165
338 338 44.885107 0.330238 45.371387 0.130029 0 92.907012 99.807639 0 21.329071 6.652142 68.574601
339 339 44.505947 0.324457 45.282935 0.126855 0 92.787149 99.804064 0 21.667255 6.652352 68.191807
340 340 44.313667 0.321047 45.192961 0.123733 0 92.665084 99.800415 0 22.010908 6.652588 67.801808
341 341 45.266247 0.31535 45.101407 0.120661 0 92.540743 99.796689 0 22.360199 6.652849 67.404379
342 342 45.033998 0.310109 45.008272 0.117641 0 92.414137 99.792885 0 22.715072 6.653136 66.999555
343 343 44.865303 0.305535 44.913497 0.11467 0 92.285193 99.789001 0 23.075699 6.653448 66.587109
344 344 44.987728 0.299463 44.817081 0.111749 0 92.153923 99.785036 0 23.442013 6.653788 66.167086
345 345 44.493525 0.29547 44.718961 0.108878 0 92.020255 99.780988 0 23.814187 6.654153 65.739261
346 346 43.961333 0.291312 44.619138 0.106057 0 91.884205 99.776857 0 24.192147 6.654546 65.303692
347 347 44.054953 0.285365 44.517581 0.103285 0 91.745747 99.772641 0 24.575934 6.654967 64.860305
348 348 44.354896 0.281039 44.414259 0.100563 0 91.604857 99.76834 0 24.96559 6.655415 64.40903
349 349 44.308986 0.276049 44.309102 0.097888 0 91.461462 99.763949 0 25.361285 6.655891 63.949646
350 350 44.051892 0.271765 44.202114 0.095262 0 91.315588 99.75947 0 25.762925 6.656396 63.482242
351 351 43.988699 0.267149 44.093297 0.092685 0 91.167266 99.754902 0 26.170401 6.65693 63.006928
352 352 43.885357 0.260703 43.982545 0.090154 0 91.016376 99.750241 0 26.584017 6.657493 62.523333
353 353 43.600357 0.257126 43.8699 0.087673 0 90.863004 99.745489 0 27.003516 6.658086 62.031747
354 354 43.623582 0.252344 43.755289 0.085238 0 90.707087 99.740644 0 27.429058 6.658708 61.531974
355 355 43.387013 0.24727 43.638678 0.08285 0 90.54861 99.735703 0 27.860659 6.659361 61.023987
356 356 43.387013 0.243901 43.520033 0.080509 0 90.387565 99.730667 0 28.298333 6.660044 60.50777
357 357 43.031978 0.239493 43.399359 0.078214 0 90.224002 99.725536 0 28.741932 6.660758 59.983497
358 358 42.689546 0.236623 43.276582 0.075965 0 90.05786 99.720307 0 29.19161 6.661503 59.450994
359 359 43.016495 0.232964 43.151708 0.073763 0 89.889198 99.714981 0 29.647207 6.66228 58.91046
360 360 43.129919 0.227557 43.02466 0.071605 0 89.717958 99.709556 0 30.108872 6.663088 58.361734
361 361 42.65732 0.223773 42.895446 0.069492 0 89.544208 99.704033 0 30.57643 6.663929 57.805046
362 362 42.769303 0.218948 42.764034 0.067425 0 89.367958 99.69841 0 31.049858 6.664802 57.240447
363 363 42.489885 0.214956 42.630389 0.065402 0 89.189222 99.692689 0 31.529128 6.665707 56.668005
364 364 42.742298 0.212918 42.494477 0.063423 0 89.008018 99.686869 0 32.014207 6.666645 56.087796
365 365 42.839338 0.208718 42.356264 0.061487 0 88.824368 99.680949 0 32.505057 6.667616 55.49991
366 366 42.66074 0.205807 42.215716 0.059595 0 88.638298 99.674929 0 33.001633 6.66862 54.90445
367 367 42.585125 0.202022 42.072798 0.057746 0 88.449836 99.668809 0 33.503887 6.669658 54.301533
368 368 42.51779 0.198238 41.92753 0.055939 0 88.259086 99.662593 0 34.01158 6.670728 53.69151
369 369 42.735816 0.195742 41.779827 0.054175 0 88.066019 99.656277 0 34.52483 6.671833 53.07431
370 370 42.540475 0.19175 41.62971 0.052452 0 87.870748 99.649865 0 35.043383 6.672972 52.450319
371 371 42.243053 0.188548 41.477148 0.050771 0 87.673323 99.643357 0 35.567158 6.674144 51.819719
372 372 42.057254 0.186011 41.322054 0.04913 0 87.473723 99.636753 0 36.096266 6.67535 51.18247
373 373 41.663151 0.18181 41.164512 0.047531 0 87.272155 99.630057 0 36.630229 6.67659 50.539252
374 374 41.648568 0.179481 41.004377 0.04597 0 87.068533 99.623266 0 37.169346 6.677864 49.889814
375 375 41.775135 0.175697 40.841737 0.04445 0 86.863074 99.616387 0 37.713115 6.679173 49.234876
376 376 42.146913 0.172453 40.676505 0.042968 0 86.655776 99.609418 0 38.26163 6.680515 48.574452
377 377 41.460069 0.170706 40.508653 0.041525 0 86.446715 99.602361 0 38.814778 6.681892 47.908807
378 378 41.291913 0.166506 40.338218 0.04012 0 86.236051 99.595221 0 39.372233 6.683302 47.238478
379 379 40.854062 0.163886 40.165109 0.038753 0 86.023793 99.587997 0 39.934079 6.684747 46.563508
380 380 40.907173 0.161266 39.989437 0.037423 0 85.810192 99.580698 0 40.499756 6.686224 45.884724
381 381 40.596428 0.158895 39.811043 0.036129 0 85.595181 99.573319 0 41.069558 6.687736 45.201934
382 382 40.32313 0.155735 39.629973 0.034871 0 85.378943 99.565867 0 41.643129 6.689282 44.515732
383 383 40.128509 0.151576 39.446206 0.033648 0 85.161579 99.558344 0 42.220322 6.690861 43.826469
384 384 40.070717 0.149039 39.259794 0.03246 0 84.943283 99.550757 0 42.800759 6.692473 43.134771
385 385 39.630165 0.145213 39.070648 0.031307 0 84.724081 99.543105 0 43.38451 6.694119 42.440741
386 386 39.614862 0.142551 38.878826 0.030187 0 84.504172 99.535396 0 43.971186 6.695797 41.745029
387 387 39.929388 0.141096 38.684234 0.0291 0 84.283589 99.527629 0 44.560854 6.697508 41.047747
388 388 39.451747 0.136854 38.486936 0.028046 0 84.062537 99.519812 0 45.153114 6.699251 40.349562
389 389 39.135241 0.134649 38.28692 0.027023 0 83.84114 99.511949 0 45.747796 6.701027 39.650876
390 390 39.70362 0.1297 38.084173 0.026032 0 83.619521 99.504043 0 46.344724 6.702835 38.952092
391 391 39.22454 0.127039 37.87877 0.025072 0 83.397897 99.496102 0 46.943479 6.704674 38.2539
392 392 39.002733 0.124336 37.67062 0.024141 0 83.176307 99.488127 0 47.544125 6.706546 37.556428
393 393 38.914695 0.120925 37.459714 0.02324 0 82.954877 99.480123 0 48.146482 6.708448 36.860085
394 394 38.459739 0.118139 37.246133 0.022368 0 82.733827 99.472097 0 48.750121 6.710382 36.165566
395 395 38.088322 0.113939 37.029875 0.021524 0 82.513288 99.464055 0 49.354858 6.712346 35.473281
396 396 38.024048 0.110903 36.810846 0.020708 0 82.293295 99.455996 0 49.96076 6.714342 34.783348
397 397 38.182481 0.107742 36.589227 0.019918 0 82.074162 99.447934 0 50.567138 6.716367 34.096743
398 398 37.586196 0.105371 36.36493 0.019155 0 81.855923 99.43987 0 51.174057 6.718423 33.413575
399 399 37.865975 0.102835 36.13805 0.018417 0 81.638796 99.431811 0 51.781075 6.720509 32.734523
400 400 37.566932 0.098925 35.908497 0.017705 0 81.422814 99.423759 0 52.388265 6.722624 32.059678
401 401 37.191193 0.09618 35.676272 0.017016 0 81.208098 99.41572 0 52.995447 6.72477 31.389415
402 402 36.805012 0.091855 35.44148 0.016352 0 80.994859 99.407701 0 53.602177 6.726946 30.724383
403 403 36.630196 0.088819 35.204235 0.015711 0 80.783306 99.39971 0 54.208007 6.72915 30.065222
404 404 36.337094 0.086199 34.964338 0.015092 0 80.573367 99.391747 0 54.813287 6.731384 29.411696
405 405 35.826687 0.082456 34.721903 0.014495 0 80.365244 99.383818 0 55.417577 6.733649 28.764419
406 406 35.760613 0.080834 34.477048 0.01392 0 80.159135 99.375933 0 56.020434 6.735942 28.123989
407 407 35.544748 0.077216 34.22968 0.013365 0 79.955049 99.368092 0 56.621952 6.738265 27.490419
408 408 35.433485 0.073848 33.979921 0.01283 0 79.753174 99.360303 0 57.221693 6.740617 26.864276
409 409 35.194035 0.070354 33.72779 0.012316 0 79.553603 99.352571 0 57.819489 6.742999 26.245825
410 410 34.868166 0.066195 33.473185 0.011819 0 79.356331 99.344897 0 58.415452 6.745412 25.635035
411 411 34.447598 0.063617 33.216359 0.011342 0 79.161623 99.337291 0 59.008874 6.747854 25.032702
412 412 34.141894 0.059541 32.95709 0.010882 0 78.969376 99.32975 0 59.600149 6.750328 24.438483
413 413 33.876698 0.056381 32.695638 0.010439 0 78.77984 99.322286 0 60.188575 6.752832 23.853134
414 414 33.688559 0.052513 32.431901 0.010013 0 78.592994 99.314899 0 60.774281 6.755368 23.27656
415 415 33.556411 0.049228 32.165897 0.009603 0 78.408898 99.307592 0 61.357125 6.757937 22.708927
416 416 33.338025 0.046067 31.897903 0.00921 0 78.227784 99.300375 0 61.936409 6.760536 22.150922
417 417 33.110098 0.042282 31.627553 0.008831 0 78.04944 99.293242 0 62.512841 6.763171 21.601868
418 418 32.346377 0.039787 31.35526 0.008466 0 77.874172 99.286205 0 63.085448 6.765837 21.06268
419 419 31.985762 0.037791 31.080917 0.008116 0 77.701931 99.279264 0 63.654387 6.768539 20.533183
420 420 31.889622 0.035379 30.804548 0.00778 0 77.532751 99.272421 0 64.219538 6.771275 20.013455
421 421 31.620465 0.03305 30.526175 0.007457 0 77.36666 99.265678 0 64.780788 6.774049 19.503559
422 422 31.40676 0.030762 30.245819 0.007147 0 77.203683 99.259039 0 65.338026 6.77686 19.003542
423 423 31.199537 0.028517 29.963649 0.006849 0 77.04392 99.252508 0 65.890865 6.779709 18.513687
424 424 30.826499 0.027103 29.679544 0.006562 0 76.887302 99.246083 0 66.439488 6.782598 18.033757
425 425 30.566704 0.025398 29.393674 0.006288 0 76.733918 99.239769 0 66.983518 6.785528 17.564
426 426 29.997965 0.024399 29.105915 0.006024 0 76.583692 99.233565 0 67.523149 6.788501 17.104157
427 427 29.667055 0.022694 28.816439 0.005771 0 76.436703 99.227475 0 68.058014 6.791517 16.654448
428 428 29.44813 0.02128 28.525431 0.005528 0 76.293023 99.221503 0 68.587745 6.794577 16.215065
429 429 29.229564 0.020657 28.232602 0.005295 0 76.152486 99.215644 0 69.112841 6.797686 15.785481
430 430 28.512833 0.019866 27.938131 0.005072 0 76.015158 99.2099 0 69.632949 6.800844 15.365871
431 431 28.11279 0.019243 27.642208 0.004857 0 75.881095 99.204276 0 70.147716 6.804051 14.956387
432 432 27.647032 0.018827 27.344693 0.004652 0 75.750201 99.198769 0 70.65737 6.807311 14.556713
433 433 27.415323 0.017205 27.045609 0.004455 0 75.622453 99.193379 0 71.161859 6.810627 14.166757
434 434 26.981612 0.016248 26.745149 0.004266 0 75.497897 99.188108 0 71.660845 6.813999 13.786636
435 435 26.97099 0.015666 26.443165 0.004085 0 75.376429 99.182955 0 72.154571 6.817432 13.416017
436 436 27.184695 0.014668 26.139855 0.003911 0 75.258088 99.17792 0 72.642711 6.820926 13.054999
437 437 26.889433 0.014668 25.835062 0.003745 0 75.142769 99.173001 0 73.125517 6.824487 12.70324
438 438 26.375965 0.01342 25.529174 0.003586 0 75.030571 99.168203 0 73.602382 6.828113 12.361027
439 439 25.769598 0.013462 25.221845 0.003433 0 74.921318 99.163519 0 74.073858 6.831811 12.027802
440 440 25.381437 0.012963 24.913283 0.003287 0 74.815035 99.158952 0 74.539635 6.835584 11.703631
441 441 24.984814 0.012048 24.603508 0.003147 0 74.71168 99.154499 0 74.999695 6.839434 11.388361
442 442 24.620417 0.012422 24.292542 0.003012 0 74.611206 99.150161 0 75.454025 6.843365 11.081842
443 443 24.49259 0.011216 23.980608 0.002884 0 74.513631 99.145939 0 75.902329 6.847379 10.784107
444 444 23.928532 0.011299 23.667322 0.002761 0 74.418782 99.141826 0 76.345178 6.851485 10.494615
445 445 23.737512 0.011216 23.35311 0.002643 0 74.326733 99.137825 0 76.781995 6.855682 10.213583
446 446 23.267433 0.009844 23.037787 0.00253 0 74.237375 99.133934 0 77.21307 6.859978 9.940659
447 447 22.839844 0.010551 22.721584 0.002422 0 74.150717 99.130153 0 77.638121 6.864375 9.67586
448 448 22.318814 0.009968 22.404307 0.002318 0 74.066649 99.126478 0 78.057448 6.86888 9.418839
449 449 22.124374 0.010301 22.086193 0.002219 0 73.985178 99.12291 0 78.470776 6.873497 9.169604
450 450 21.706326 0.010759 21.767038 0.002124 0 73.906197 99.119444 0 78.878408 6.878235 8.927815
451 451 21.1041 0.010509 21.446852 0.002033 0 73.829655 99.11608 0 79.280367 6.883099 8.693309
452 452 20.896336 0.010176 21.126116 0.001946 0 73.755611 99.11282 0 79.676097 6.888091 8.466253
453 453 20.323276 0.008388 20.804385 0.001863 0 73.683904 99.109659 0 80.066201 6.893222 8.246147
454 454 19.845996 0.009012 20.481908 0.001783 0 73.614539 99.106595 0 80.450421 6.898499 8.032991
455 455 19.891905 0.007432 20.158457 0.001707 0 73.547414 99.103627 0 80.829077 6.903932 7.826462
456 456 19.745895 0.007847 19.834543 0.001634 0 73.48258 99.100755 0 81.201625 6.909522 7.626713
457 457 19.097399 0.007556 19.509679 0.001564 0 73.419889 99.097975 0 81.56868 6.915286 7.433273
458 458 18.871632 0.006974 19.184396 0.001497 0 73.35939 99.095289 0 81.929703 6.921226 7.246288
459 459 18.468887 0.007348 18.858185 0.001433 0 73.300939 99.092691 0 82.285315 6.92736 7.065301
460 460 17.993767 0.006517 18.531594 0.001372 0 73.244585 99.090183 0 82.634979 6.93369 6.890455
461 461 17.990347 0.006683 18.204093 0.001313 0 73.190189 99.087759 0 82.979322 6.940238 6.721309
462 462 17.418907 0.006433 17.875964 0.001257 0 73.137754 99.085421 0 83.318102 6.947013 6.557863
463 463 16.927944 0.006101 17.547508 0.001203 0 73.08728 99.083169 0 83.651076 6.95402 6.400108
464 464 16.973854 0.006433 17.218457 0.001152 0 73.038681 99.080998 0 83.978587 6.961282 6.247764
465 465 16.579391 0.006142 16.888822 0.001102 0 72.991916 99.078908 0 84.30069 6.968814 6.100694
466 466 15.996068 0.006433 16.55861 0.001055 0 72.946947 99.076897 0 84.617437 6.976633 5.958763
467 467 15.487822 0.005227 16.228146 0.00101 0 72.903777 99.074966 0 84.928593 6.984751 5.821972
468 468 15.149531 0.005602 15.896811 9.67E-004 0 72.862289 99.073109 0 85.234802 6.993202 5.689934
469 469 15.067254 0.004687 15.565581 9.25E-004 0 72.822567 99.071331 0 85.535238 7.001985 5.562908
470 470 14.770912 0.004396 15.233491 8.85E-004 0 72.784461 99.069625 0 85.830849 7.011147 5.440396
471 471 14.290751 0.005186 14.901216 8.47E-004 0 72.748018 99.067994 0 86.121101 7.020698 5.322531
472 472 13.99927 0.004437 14.568426 8.11E-004 0 72.71317 99.066434 0 86.406355 7.030674 5.209079
473 473 13.795287 0.004936 14.235126 7.76E-004 0 72.679892 99.064945 0 86.686676 7.041106 5.099935
474 474 13.018784 0.003938 13.901687 7.42E-004 0 72.648193 99.063528 0 86.961824 7.052018 4.995111
475 475 12.938127 0.004271 13.568137 7.10E-004 0 72.618051 99.062182 0 87.231862 7.063444 4.894506
476 476 12.798238 0.005934 13.234113 6.79E-004 0 72.589411 99.060905 0 87.497159 7.075437 4.79791
477 477 12.497755 0.00477 12.899614 6.50E-004 0 72.562256 99.059695 0 87.757784 7.088044 4.705235
478 478 11.828014 0.005352 12.56505 6.22E-004 0 72.536603 99.058555 0 88.013492 7.101298 4.616505
479 479 11.740156 0.004437 12.230025 5.94E-004 0 72.51241 99.057483 0 88.264663 7.11527 4.531532
480 480 11.382061 0.004229 11.894972 5.68E-004 0 72.489698 99.056479 0 88.511049 7.130003 4.450344
481 481 10.829165 0.004479 11.559922 5.43E-004 0 72.46846 99.055544 0 88.752713 7.145563 4.372867
482 482 10.522741 0.003564 11.224444 5.19E-004 0 72.448668 99.054677 0 88.990042 7.162046 4.298932
483 483 10.242062 0.00398 10.888531 4.96E-004 0 72.430324 99.053878 0 89.223109 7.17954 4.228481
484 484 9.75704 0.003065 10.552667 4.74E-004 0 72.413464 99.05315 0 89.451657 7.198116 4.161556
485 485 9.353936 0.002649 10.216887 4.53E-004 0 72.398096 99.052492 0 89.675748 7.217878 4.098103
486 486 8.982158 0.002691 9.880704 4.32E-004 0 72.384218 99.051906 0 89.895784 7.23898 4.037985
487 487 8.379931 0.001984 9.544652 4.12E-004 0 72.371874 99.051394 0 90.111496 7.261527 3.981253
488 488 8.155064 0.002108 9.208773 3.93E-004 0 72.361094 99.050957 0 90.322944 7.285674 3.927872
489 489 7.926236 0.0019 8.872531 3.75E-004 0 72.351902 99.050598 0 90.530545 7.311645 3.877728
490 490 7.397825 0.001859 8.53591 3.57E-004 0 72.344349 99.05032 0 90.734378 7.339659 3.830804
491 491 7.233451 0.001526 8.200163 3.40E-004 0 72.33852 99.050127 0 90.933775 7.369854 3.787251
492 492 6.913164 0.001318 7.863444 3.23E-004 0 72.334457 99.050021 0 91.129914 7.402686 3.746823
493 493 6.795239 0.002108 7.527722 3.07E-004 0 72.332271 99.05001 0 91.32173 7.438304 3.709754
494 494 6.394655 0.001027 7.191718 2.92E-004 0 72.332057 99.050099 0 91.510047 7.477235 3.675902
495 495 5.967965 0.001277 6.855418 2.76E-004 0 72.33395 99.050295 0 91.694948 7.519972 3.645292
496 496 5.207486 0.001401 6.519596 2.62E-004 0 72.3381 99.050607 0 91.876091 7.566994 3.618023
497 497 4.979918 9.44E-004 6.184355 2.48E-004 0 72.344685 99.051045 0 92.053523 7.618968 3.594125
498 498 4.785117 9.44E-004 5.848933 2.34E-004 0 72.35395 99.051623 0 92.227736 7.676867 3.573593
499 499 4.444306 2.78E-004 5.514258 2.20E-004 0 72.366145 99.052357 0 92.398345 7.74158 3.556539
500 500 4.076309 8.19E-004 5.179498 2.07E-004 0 72.381643 99.053267 0 92.56587 7.814587 3.542992
501 501 3.761243 0.001401 4.845721 1.94E-004 0 72.400817 99.054376 0 92.729879 7.897319 3.533076
502 502 3.592187 0.001235 4.512022 1.81E-004 0 72.42425 99.055719 0 92.890927 7.992142 3.526861
503 503 3.17792 0.001984 4.17844 1.68E-004 0 72.45264 99.057337 0 93.049096 8.101914 3.524479
504 504 2.535366 0.001235 3.84635 1.56E-004 0 72.486741 99.059277 0 93.203859 8.229913 3.526065
505 505 1.918556 0.001193 3.514729 1.44E-004 0 72.527803 99.061617 0 93.35583 8.381608 3.531768
506 506 1.872647 0.002025 3.183733 1.32E-004 0 72.577388 99.064454 0 93.505075 8.564173 3.54177
507 507 1.88975 0.001443 2.855342 1.19E-004 0 72.637289 99.067908 0 93.650879 8.786619 3.556183
508 508 1.218389 0.002441 2.526579 1.07E-004 0 72.71111 99.072213 0 93.794753 9.066453 3.575358
509 509 1.2679 0.001817 2.201787 9.50E-005 0 72.80228 99.077612 0 93.935032 9.423683 3.599266
510 510 0.692139 0.001318 1.877683 8.27E-005 0 72.918501 99.084642 0 94.073435 9.901031 3.628384
511 511 0.762534 0.001734 1.557747 7.04E-005 0 73.069584 99.094042 0 94.208873 10.562423 3.662662
512 512 0.294796 0.001401 1.241096 5.79E-005 0 73.275091 99.107332 0 94.342305 11.542007 3.702419
513 513 0.398137 0.002316 0.930673 4.53E-005 0 73.569998 99.127455 0 94.473442 13.118851 3.747463
514 514 0.253927 0.003023 0.627515 3.27E-005 0 74.036257 99.161842 0 94.603685 16.046213 3.797615
515 515 0.223501 0.00581 0.346044 2.07E-005 0 74.869132 99.230767 0 94.731155 22.632825 3.849277
516 516 0.133302 0.008887 0.092143 2.11E-005 0 77.149188 99.450758 0 94.872765 47.084028 3.842139
517 517 -0.035754 0.011923 0.004177 0.001834 0 83.529869 99.912649 0 95.023324 91.79015 -5.43635
518 518 0.242765 0.017163 6.43E-005 0.001727 0 91.285286 99.996205 0 95.196257 95.788653 -4.850253
519 519 0.216659 0.022611 2.26E-005 0.002479 0 95.628999 99.997271 0 95.380526 99.66148 -8.671367
520 520 -0.06834 0.028142 2.22E-005 0.002056 0 97.798657 99.997284 0 95.561174 97.443732 -6.453469
521 521 0.02942 0.034422 2.22E-005 0.00202 0 98.861309 99.997286 0 95.73148 97.215081 -6.224836
522 522 0.055165 0.040494 2.22E-005 0.001307 0 99.422749 99.997287 0 95.90168 93.505579 -2.515731
523 523 0.033381 0.04798 2.22E-005 0.001309 0 99.70597 99.997287 0 96.06714 93.476706 -2.486827
524 524 -0.060239 0.05505 2.22E-005 0.001326 0 99.843987 99.997288 0 96.22027 93.520942 -2.531056
525 525 -0.307431 0.061953 2.22E-005 0.001749 0 99.917362 99.997288 0 96.374167 95.650027 -4.65989
526 526 -0.44822 0.068358 2.23E-005 0.001769 0 99.953146 99.997288 0 96.515681 95.707905 -4.717761
527 527 -0.415273 0.074971 2.24E-005 0.002613 0 99.972288 99.997288 0 96.658497 100.001981 -9.011357
528 528 -0.270163 0.081625 2.23E-005 0.00193 0 99.981987 99.997288 0 96.793023 96.4462 -5.456
529 529 -0.062759 0.086199 2.23E-005 0.00217 0 99.9869 99.997288 0 96.918809 97.636862 -6.646524
530 530 -0.008748 0.093186 2.23E-005 0.001305 0 99.989644 99.997288 0 97.042468 93.147753 -2.157898
531 531 -0.155119 0.09984 2.23E-005 0.001314 0 99.991133 99.997288 0 97.158194 93.149348 -2.159495
532 532 -0.103988 0.106785 2.23E-005 0.001305 0 99.992068 99.997288 0 97.273662 93.062403 -2.07252
533 533 0.052285 0.113564 2.23E-005 0.001778 0 99.992678 99.997288 0 97.385381 95.444059 -4.453906
534 534 0.02906 0.117973 2.23E-005 0.001755 0 99.993105 99.997288 0 97.4877 95.283299 -4.29315
535 535 -0.032333 0.123712 2.24E-005 0.002455 0 99.99346 99.997288 0 97.591199 98.835977 -7.845444
536 536 -0.001907 0.129409 2.25E-005 0.00264 0 99.993753 99.997288 0 97.685932 99.742665 -8.752012
537 537 -0.296268 0.133527 2.24E-005 0.001917 0 99.994026 99.997288 0 97.779224 95.979928 -4.989729
538 538 -0.015229 0.139099 2.25E-005 0.002198 0 99.994271 99.997288 0 97.866859 97.383437 -6.393073
539 539 0.016997 0.144256 2.24E-005 0.001308 0 99.994509 99.997288 0 97.952416 92.761813 -1.771953
540 540 -0.085624 0.150287 2.24E-005 0.001318 0 99.994728 99.997288 0 98.032906 92.770076 -1.780217
541 541 0.081451 0.15536 2.24E-005 0.001308 0 99.994946 99.997288 0 98.113058 92.672225 -1.682336
542 542 -0.165381 0.1606 2.24E-005 0.00135 0 99.995146 99.997288 0 98.187363 92.842233 -1.852328
543 543 0.048684 0.163927 2.25E-005 0.001761 0 99.995346 99.997288 0 98.261945 94.912152 -3.921993
544 544 0.199916 0.16792 2.25E-005 0.001789 0 99.995531 99.997288 0 98.330471 95.011684 -4.021517
545 545 0.208918 0.173243 2.26E-005 0.002664 0 99.995715 99.997288 0 98.400117 99.45885 -8.46817
546 546 0.425683 0.177236 2.26E-005 0.002453 0 99.995884 99.997288 0 98.462938 98.331176 -7.340631
547 547 0.065428 0.182892 2.26E-005 0.002225 0 99.996053 99.997288 0 98.525737 97.110803 -6.120415
548 548 0.150946 0.188256 2.25E-005 0.001905 0 99.99621 99.997288 0 98.583416 95.424071 -4.433871
549 549 -0.145757 0.193704 2.26E-005 0.00223 0 99.99636 99.997288 0 98.639873 97.049563 -6.059169
550 550 -0.060239 0.199984 2.25E-005 0.001312 0 99.996511 99.997288 0 98.694277 92.281616 -1.291749
551 551 0.141944 0.204808 2.25E-005 0.001324 0 99.996649 99.997288 0 98.745985 92.297458 -1.307592
552 552 0.071549 0.208967 2.25E-005 0.001311 0 99.996788 99.997288 0 98.797276 92.188595 -1.198699
553 553 0.12466 0.212377 2.26E-005 0.001359 0 99.996916 99.997288 0 98.845031 92.387412 -1.397498
554 554 -0.046916 0.215413 2.26E-005 0.00177 0 99.997044 99.997288 0 98.892951 94.452012 -3.461839
555 555 0.071909 0.219406 2.26E-005 0.001801 0 99.997162 99.997288 0 98.93699 94.567542 -3.57736
556 556 -0.040075 0.222774 2.26E-005 0.001771 0 99.997276 99.997288 0 98.978997 94.368902 -3.378726
557 557 0.040582 0.22789 2.27E-005 0.002453 0 99.997389 99.997288 0 99.022289 97.824072 -6.833514
558 558 0.094234 0.231758 2.27E-005 0.002697 0 99.997494 99.997288 0 99.061453 99.032291 -8.041571
559 559 -0.06492 0.235833 2.27E-005 0.001896 0 99.997598 99.997288 0 99.099338 94.868819 -3.878615
560 560 0.048684 0.240325 2.27E-005 0.002261 0 99.997694 99.997288 0 99.135774 96.695449 -5.705025
561 561 -0.173122 0.242737 2.27E-005 0.001895 0 99.997787 99.997288 0 99.16968 94.769483 -3.779277
562 562 -0.278264 0.247561 2.27E-005 0.001329 0 99.997879 99.997288 0 99.203367 91.81374 -0.823867
563 563 -0.174923 0.251678 2.27E-005 0.001316 0 99.997965 99.997288 0 99.23502 91.701857 -0.711981
564 564 -0.130273 0.255837 2.27E-005 0.00133 0 99.998047 99.997288 0 99.265725 91.726232 -0.736358
565 565 0.016097 0.26062 2.27E-005 0.001316 0 99.99813 99.997288 0 99.295935 91.606495 -0.61659
566 566 0.019518 0.263947 2.27E-005 0.00137 0 99.998205 99.997288 0 99.324327 91.836262 -0.846335
567 567 -0.06762 0.267565 2.27E-005 0.001317 0 99.998278 99.997288 0 99.351197 91.51715 -0.527244
568 568 -0.043135 0.27293 2.28E-005 0.001815 0 99.998351 99.997288 0 99.378971 94.030283 -3.040083
569 569 -0.25774 0.276132 2.28E-005 0.001782 0 99.998418 99.997288 0 99.403743 93.813269 -2.823076
570 570 -0.127573 0.280748 2.28E-005 0.001817 0 99.998483 99.997288 0 99.427954 93.947623 -2.95742
571 571 -0.111369 0.284117 2.28E-005 0.001784 0 99.998545 99.997288 0 99.450815 93.728002 -2.737806
572 572 -0.237576 0.288567 2.29E-005 0.002455 0 99.998607 99.997288 0 99.475039 97.128697 -6.13812
573 573 0.024739 0.291727 2.29E-005 0.002735 0 99.998664 99.997288 0 99.496603 98.517951 -7.527184
574 574 -0.039174 0.295013 2.29E-005 0.002456 0 99.998719 99.997288 0 99.516767 97.036439 -6.045859
575 575 0.026359 0.298049 2.30E-005 0.00274 0 99.998772 99.997288 0 99.536712 98.448616 -7.457842
576 576 0.277152 0.299338 2.29E-005 0.001886 0 99.998824 99.997288 0 99.555402 94.010856 -3.020644
577 577 0.263469 0.30279 2.30E-005 0.002306 0 99.998873 99.997288 0 99.574169 96.119605 -5.129134
578 578 0.069388 0.304828 2.29E-005 0.001885 0 99.99892 99.997288 0 99.59096 93.910424 -2.920211
579 579 -0.244777 0.309194 2.30E-005 0.002311 0 99.998965 99.997288 0 99.608356 96.050383 -5.059906
580 580 0.154366 0.313353 2.29E-005 0.001323 0 99.99901 99.997288 0 99.6236 90.924531 0.065357
581 581 0.406779 0.316971 2.29E-005 0.001339 0 99.999051 99.997288 0 99.63924 90.959693 0.030193
582 582 0.345386 0.32192 2.29E-005 0.001324 0 99.999092 99.997288 0 99.65391 90.832529 0.15736
583 583 0.1234 0.323293 2.30E-005 0.00134 0 99.99913 99.997288 0 99.66838 90.868931 0.120957
584 584 0.204597 0.326246 2.30E-005 0.001324 0 99.999167 99.997288 0 99.681917 90.740186 0.249705
585 585 0.150946 0.328866 2.30E-005 0.001386 0 99.999204 99.997288 0 99.695696 91.007026 -0.017081
586 586 -0.155479 0.330779 2.30E-005 0.001324 0 99.999238 99.997288 0 99.708097 90.6437 0.346221
587 587 -0.059879 0.332276 2.30E-005 0.001388 0 99.999271 99.997288 0 99.720542 90.918788 0.071159
588 588 0.058586 0.332983 2.30E-005 0.001325 0 99.999302 99.997288 0 99.731979 90.551036 0.438887
589 589 -0.295908 0.335644 2.30E-005 0.001389 0 99.999332 99.997288 0 99.743506 90.830196 0.159752
590 590 -0.060239 0.338389 2.30E-005 0.001326 0 99.999361 99.997288 0 99.754054 90.458046 0.531878
591 591 0.335484 0.341508 2.31E-005 0.001841 0 99.99939 99.997288 0 99.765616 93.051313 -2.061079
592 592 0.114038 0.344919 2.31E-005 0.001802 0 99.999417 99.997288 0 99.77534 92.80627 -1.816044
593 593 0.049584 0.347206 2.31E-005 0.001843 0 99.999443 99.997288 0 99.785213 92.964846 -1.974609
594 594 0.325582 0.350283 2.31E-005 0.001804 0 99.999468 99.997288 0 99.794178 92.717579 -1.72735
595 595 0.131681 0.351864 2.31E-005 0.001845 0 99.999492 99.997288 0 99.803334 92.878043 -1.887803
596 596 0.245825 0.354817 2.31E-005 0.001806 0 99.999514 99.997288 0 99.811601 92.62858 -1.638348
597 597 0.45917 0.358767 2.32E-005 0.001848 0 99.999537 99.997288 0 99.820095 92.790905 -1.800662
598 598 -0.002807 0.360764 2.32E-005 0.001808 0 99.999558 99.997288 0 99.827717 92.53927 -1.549035
599 599 -0.059879 0.364715 2.32E-005 0.00185 0 99.999578 99.997288 0 99.835601 92.703429 -1.713183
600 600 0.188213 0.367168 2.32E-005 0.00181 0 99.999598 99.997288 0 99.842627 92.449645 -1.459407
601 601 0.013937 0.369705 2.32E-005 0.001852 0 99.999617 99.997288 0 99.849949 92.615613 -1.625364
602 602 -0.071401 0.372284 2.32E-005 0.001812 0 99.999635 99.997288 0 99.856426 92.359704 -1.369462
603 603 -0.278264 0.373365 2.33E-005 0.001854 0 99.999652 99.997288 0 99.86323 92.527455 -1.537203
604 604 -0.178704 0.375611 2.33E-005 0.001814 0 99.999669 99.997288 0 99.8692 92.269442 -1.279197
605 605 -0.171502 0.375112 2.33E-005 0.001857 0 99.999685 99.997288 0 99.875527 92.438953 -1.448697
606 606 -0.253059 0.376858 2.33E-005 0.001816 0 99.999701 99.997288 0 99.881029 92.178857 -1.188609
607 607 -0.383407 0.380476 2.33E-005 0.001859 0 99.999716 99.997288 0 99.886916 92.350104 -1.359845
608 608 -0.232895 0.38318 2.33E-005 0.001818 0 99.99973 99.997288 0 99.891987 92.087946 -1.097695
609 609 -0.073201 0.386174 2.33E-005 0.001861 0 99.999744 99.997288 0 99.897469 92.260906 -1.270644
610 610 0.279673 0.388045 2.33E-005 0.00182 0 99.999757 99.997288 0 99.902141 91.996705 -1.006451
611 611 0.250146 0.390458 2.34E-005 0.001864 0 99.99977 99.997288 0 99.90725 92.171357 -1.181091
612 612 0.185693 0.392786 2.34E-005 0.001821 0 99.999782 99.997288 0 99.911555 91.905131 -0.914874
613 613 0.160307 0.394866 2.34E-005 0.001866 0 99.999795 99.997288 0 99.916321 92.081452 -1.091183
614 614 -0.055198 0.397777 2.34E-005 0.001823 0 99.999806 99.997288 0 99.920287 91.813221 -0.82296
615 615 0.088652 0.399565 2.34E-005 0.001868 0 99.999817 99.997288 0 99.924737 91.991191 -1.000918
616 616 -0.365403 0.402061 2.34E-005 0.001825 0 99.999828 99.997288 0 99.92839 91.720971 -0.730707
617 617 0.024379 0.404182 2.35E-005 0.001871 0 99.999838 99.997288 0 99.93255 91.90057 -0.910294
618 618 -0.347399 0.405887 2.35E-005 0.001827 0 99.999848 99.997288 0 99.935914 91.628377 -0.63811
619 619 -0.145217 0.408465 2.35E-005 0.001873 0 99.999858 99.997288 0 99.939807 91.809585 -0.819305
620 620 -0.296808 0.409838 2.35E-005 0.00183 0 99.999866 99.997288 0 99.942905 91.535436 -0.545165
621 621 -0.220832 0.412666 2.35E-005 0.001875 0 99.999876 99.997288 0 99.946552 91.718234 -0.727951
622 622 0.086132 0.414121 2.35E-005 0.001341 0 99.999884 99.997288 0 99.948797 88.923315 2.066637
623 623 0.009256 0.415993 2.35E-005 0.001419 0 99.999892 99.997288 0 99.952237 89.268269 1.721715
624 624 -0.183385 0.417573 2.35E-005 0.001342 0 99.9999 99.997288 0 99.954852 88.82428 2.165673
625 625 -0.165381 0.418862 2.36E-005 0.00142 0 99.999908 99.997288 0 99.958085 89.172956 1.81703
626 626 -0.25594 0.420318 2.35E-005 0.001343 0 99.999915 99.997288 0 99.960491 88.724856 2.2651
627 627 -0.022071 0.42194 2.36E-005 0.001422 0 99.999922 99.997288 0 99.963532 89.07724 1.912748
628 628 0.226921 0.423853 2.36E-005 0.001344 0 99.999929 99.997288 0 99.965745 88.625036 2.364921
629 629 0.578895 0.427055 2.36E-005 0.001366 0 99.999935 99.997289 0 99.968667 88.682094 2.30783
630 630 -0.371524 0.428552 2.36E-005 0.001343 0 99.999942 99.997288 0 99.970794 88.516447 2.473479
631 631 -0.098407 0.430715 2.37E-005 0.001367 0 99.999948 99.997289 0 99.973414 88.582393 2.407533
632 632 0.130781 0.432961 2.37E-005 0.001344 0 99.999954 99.997288 0 99.975378 88.415095 2.574832
633 633 0.727787 0.434208 2.38E-005 0.002445 0 99.999959 99.997288 0 99.979186 94.020361 -3.029718
634 634 0.217019 0.436038 2.37E-005 0.001869 0 99.999965 99.997288 0 99.980406 91.005409 -0.015154
635 635 2.54E-004 0.437036 2.38E-005 0.00245 0 99.99997 99.997288 0 99.983346 93.939277 -2.948628
636 636 -0.021711 0.43949 2.38E-005 0.001869 0 99.999976 99.997288 0 99.984422 90.897448 0.092808
637 637 0.118359 0.441444 2.39E-005 0.002895 0 99.99998 99.997287 0 99.987353 96.123073 -5.132073
638 638 -0.092466 0.443565 2.39E-005 0.002484 0 99.999986 99.997288 0 99.988821 93.954018 -2.963326
639 639 0.207117 0.445811 2.39E-005 0.0029 0 99.99999 99.997287 0 99.991009 96.042285 -5.051278
640 640 0.254287 0.445936 2.39E-005 0.002485 0 99.999995 99.997288 0 99.992358 93.852736 -2.86204
641 641 -0.140176 0.448182 2.38E-005 0.001851 0 99.999999 99.997288 0 99.992674 90.547278 0.44303
642 642 0.040582 0.44997 2.39E-005 0.001901 0 100.000004 99.997288 0 99.994699 90.745607 0.244713
643 643 0.096394 0.452216 2.39E-005 0.001854 0 100.000008 99.997288 0 99.995896 90.450035 0.540277
644 644 0.026359 0.454462 2.39E-005 0.001903 0 100.000012 99.997288 0 99.997831 90.650026 0.340298
645 645 -0.030172 0.455501 2.38E-005 0.001353 0 100.000016 99.997288 0 99.99838 87.770558 3.219416
646 646 0.102875 0.457664 2.39E-005 0.001439 0 100.00002 99.997288 0 100.000249 88.155381 2.83463
