0 88.887235 0 90 0 0 0.049 0.64 0 0.007494 0.0049 0
1 90.037316 0 89.894277 0 0 0.080113 1.851985 0 0.007481 4.08E-006 0
2 89.392601 0 89.700888 0 0 0.130581 2.924515 0 0.007461 6.46E-006 0
3 88.712958 0 89.429336 0 0 0.256722 3.774147 0 0.007425 8.36E-006 0
4 89.100219 0 89.104505 0 0 0.559019 4.217603 0 0.007349 9.38E-006 0
5 88.941426 0 88.760489 0 0 0.901554 4.304962 0 0.007208 9.61E-006 0
6 88.985175 0 88.413423 0 0 1.088964 4.318644 0 0.00702 9.68E-006 0
7 88.103891 0 88.065707 0 0 1.174515 4.322834 0 0.006814 9.72E-006 0
8 87.731392 0 87.717822 0 0 1.212582 4.324454 0 0.006603 9.77E-006 0
9 86.851368 0 87.369835 0 0 1.229408 4.32513 0 0.006395 9.81E-006 0
10 84.705138 0 87.021811 0 0 1.236825 4.325421 0 0.006192 9.85E-006 0
11 85.377399 0 86.673787 0 0 1.240089 4.325548 0 0.005994 9.89E-006 0
12 85.994208 0 86.325719 0 0 1.241522 4.325603 0 0.005802 9.93E-006 0
13 86.673671 0 85.977706 0 0 1.24215 4.325627 0 0.005616 9.97E-006 0
14 86.590853 0 85.629661 0 0 1.242423 4.325638 0 0.005436 1.00E-005 0
15 84.940447 0 85.281624 0 0 1.24254 4.325643 0 0.005262 1.00E-005 0
16 84.52708 0 84.933563 0 0 1.242588 4.325645 0 0.005093 1.01E-005 0
17 84.502595 0 84.58554 0 0 1.242606 4.325645 0 0.00493 1.01E-005 0
18 83.824393 0 84.237501 0 0 1.242611 4.325646 0 0.004772 1.02E-005 0
19 83.469899 0 83.889469 0 0 1.24261 4.325646 0 0.004619 1.02E-005 0
20 83.114324 0 83.541443 0 0 1.242607 4.325646 0 0.00447 1.03E-005 0
21 82.798898 0 83.193391 0 0 1.242603 4.325646 0 0.004327 1.03E-005 0
22 82.888197 0 82.84535 0 0 1.242599 4.325646 0 0.004188 1.03E-005 0
23 81.823633 0 82.497318 0 0 1.242595 4.325646 0 0.004054 1.04E-005 0
24 82.310816 0 82.149298 0 0 1.242591 4.325646 0 0.003924 1.04E-005 0
25 82.128797 0 81.801288 0 0 1.242587 4.325646 0 0.003798 1.05E-005 0
26 81.462658 0 81.453251 0 0 1.242583 4.325646 0 0.003677 1.05E-005 0
27 81.299904 0 81.105259 0 0 1.242579 4.325646 0 0.003559 1.06E-005 0
28 80.799939 0 80.757202 0 0 1.242575 4.325646 0 0.003445 1.06E-005 0
29 80.399895 0 80.409192 0 0 1.242572 4.325645 0 0.003334 1.07E-005 0
30 79.126308 0 80.061202 0 0 1.242568 4.325645 0 0.003227 1.07E-005 0
31 79.582523 0 79.713174 0 0 1.242565 4.325645 0 0.003124 1.07E-005 0
32 79.439573 0 79.365164 0 0 1.242562 4.325645 0 0.003024 1.08E-005 0
33 78.956712 0 79.01716 0 0 1.242559 4.325645 0 0.002927 1.08E-005 0
34 78.427041 0 78.66912 0 0 1.242556 4.325645 0 0.002833 1.09E-005 0
35 78.556668 0 78.321143 0 0 1.242554 4.325645 0 0.002742 1.09E-005 0
36 77.172358 0 77.973128 0 0 1.242551 4.325646 0 0.002654 1.10E-005 0
37 77.295144 0 77.625128 0 0 1.242549 4.325646 0 0.002569 1.10E-005 0
38 78.023216 0 77.27714 0 0 1.242547 4.325646 0 0.002487 1.11E-005 0
39 77.082699 0 76.92912 0 0 1.242544 4.325646 0 0.002407 1.11E-005 0
40 76.455628 0 76.581113 0 0 1.242542 4.325646 0 0.00233 1.12E-005 0
41 76.296654 0 76.233119 0 0 1.24254 4.325646 0 0.002255 1.12E-005 0
42 76.078269 0 75.885134 0 0 1.242539 4.325646 0 0.002183 1.13E-005 0
43 75.365679 0 75.537158 0 0 1.242537 4.325646 0 0.002113 1.13E-005 0
44 75.410329 0 75.189158 0 0 1.242535 4.325646 0 0.002045 1.14E-005 0
45 75.669943 0 74.841168 0 0 1.242534 4.325646 0 0.00198 1.14E-005 0
46 75.326971 0 74.493184 0 0 1.242532 4.325646 0 0.001916 1.15E-005 0
47 75.092202 0 74.145172 0 0 1.242531 4.325646 0 0.001855 1.16E-005 0
48 73.861104 0 73.797218 0 0 1.24253 4.325646 0 0.001795 1.16E-005 0
49 72.990621 0 73.449228 0 0 1.242528 4.325646 0 0.001738 1.17E-005 0
50 72.665653 0 73.101245 0 0 1.242527 4.325646 0 0.001682 1.17E-005 0
51 72.534045 0 72.75328 0 0 1.242526 4.325646 0 0.001628 1.18E-005 0
52 71.632056 0 72.405288 0 0 1.242525 4.325646 0 0.001576 1.18E-005 0
53 71.547979 0 72.057301 0 0 1.242524 4.325647 0 0.001525 1.19E-005 0
54 71.455619 0 71.70933 0 0 1.242524 4.325647 0 0.001476 1.19E-005 0
55 71.462641 0 71.361364 0 0 1.242523 4.325647 0 0.001429 1.20E-005 0
56 70.817925 0 71.013421 0 0 1.242522 4.325647 0 0.001383 1.21E-005 0
57 69.892351 0 70.665436 0 0 1.242522 4.325647 0 0.001339 1.21E-005 0
58 70.104796 0 70.317472 0 0 1.242521 4.325647 0 0.001296 1.22E-005 0
59 69.771366 0 69.969517 0 0 1.242521 4.325647 0 0.001254 1.22E-005 0
60 68.865236 0 69.621574 0 0 1.24252 4.325647 0 0.001214 1.23E-005 0
61 68.097375 0 69.273601 0 0 1.24252 4.325647 0 0.001175 1.24E-005 0
62 68.098995 0 68.925633 0 0 1.24252 4.325648 0 0.001138 1.24E-005 0
63 68.499579 0 68.577681 0 0 1.24252 4.325648 0 0.001101 1.25E-005 0
64 68.258689 0 68.229746 0 0 1.24252 4.325648 0 0.001066 1.26E-005 0
65 68.171911 0 67.881768 0 0 1.24252 4.325648 0 0.001032 1.26E-005 0
66 67.493348 0 67.533815 0 0 1.242519 4.325648 0 9.99E-004 1.27E-005 0
67 67.376144 0 67.185914 0 0 1.24252 4.325648 0 9.67E-004 1.28E-005 0
68 67.12283 0 66.837936 0 0 1.24252 4.325648 0 9.36E-004 1.28E-005 0
69 66.906965 0 66.490017 0 0 1.24252 4.325648 0 9.06E-004 1.29E-005 0
70 66.510342 0 66.142058 0 0 1.24252 4.325649 0 8.77E-004 1.30E-005 0
71 66.493238 0 65.794122 0 0 1.24252 4.325649 0 8.48E-004 1.30E-005 0
72 66.057007 0 65.446198 0 0 1.242521 4.325649 0 8.21E-004 1.31E-005 0
73 65.551101 0 65.098282 0 0 1.242521 4.325649 0 7.95E-004 1.32E-005 0
74 65.31057 0 64.750334 0 0 1.242521 4.325649 0 7.69E-004 1.32E-005 0
75 64.253389 0 64.4024 0 0 1.242522 4.325649 0 7.45E-004 1.33E-005 0
76 63.885932 0 64.054478 0 0 1.242522 4.32565 0 7.21E-004 1.34E-005 0
77 64.587719 0 63.70657 0 0 1.242523 4.32565 0 6.98E-004 1.34E-005 0
78 64.030142 0 63.35863 0 0 1.242523 4.32565 0 6.75E-004 1.35E-005 0
79 63.508212 0 63.010698 0 0 1.242524 4.32565 0 6.54E-004 1.36E-005 0
80 63.266062 0 62.662779 0 0 1.242525 4.32565 0 6.33E-004 1.37E-005 0
81 62.850174 0 62.314884 0 0 1.242525 4.325651 0 6.13E-004 1.37E-005 0
82 62.548071 0 61.966947 0 0 1.242526 4.325651 0 5.93E-004 1.38E-005 0
83 62.246328 0 61.619073 0 0 1.242527 4.325651 0 5.74E-004 1.39E-005 0
84 62.189256 0 61.271169 0 0 1.242528 4.325651 0 5.55E-004 1.40E-005 0
85 61.810096 0 60.923215 0 0 1.242529 4.325651 0 5.38E-004 1.41E-005 0
86 61.699373 0 60.575343 0 0 1.24253 4.325652 0 5.20E-004 1.41E-005 0
87 61.309231 0 60.227423 0 0 1.242531 4.325652 0 5.04E-004 1.42E-005 0
88 60.434788 0 59.879523 0 0 1.242532 4.325652 0 4.88E-004 1.43E-005 0
89 60.11126 0 59.531641 0 0 1.242533 4.325652 0 4.72E-004 1.44E-005 0
90 59.625338 0 59.183767 0 0 1.242534 4.325652 0 4.57E-004 1.45E-005 0
91 59.724539 0 58.835857 0 0 1.242535 4.325653 0 4.42E-004 1.46E-005 0
92 58.954878 0 58.487962 0 0 1.242536 4.325653 0 4.28E-004 1.46E-005 0
93 58.807967 0 58.140078 0 0 1.242537 4.325653 0 4.14E-004 1.47E-005 0
94 58.44051 0 57.79217 0 0 1.242539 4.325653 0 4.01E-004 1.48E-005 0
95 58.225905 0 57.444312 0 0 1.24254 4.325654 0 3.88E-004 1.49E-005 0
96 57.658426 0 57.096432 0 0 1.242541 4.325654 0 3.76E-004 1.50E-005 0
97 57.366584 0 56.748559 0 0 1.242542 4.325654 0 3.64E-004 1.51E-005 0
98 57.20041 0 56.400644 0 0 1.242544 4.325654 0 3.52E-004 1.52E-005 0
99 56.418506 0 56.052811 0 0 1.242545 4.325655 0 3.41E-004 1.53E-005 0
100 56.369895 0 55.704933 0 0 1.242547 4.325655 0 3.30E-004 1.54E-005 0
101 56.212362 0 55.357071 0 0 1.242548 4.325655 0 3.19E-004 1.55E-005 0
102 55.777571 0 55.009226 0 0 1.24255 4.325655 0 3.09E-004 1.56E-005 0
103 55.801156 0 54.661332 0 0 1.242551 4.325656 0 2.99E-004 1.57E-005 0
104 54.681321 0 54.313469 0 0 1.242553 4.325656 0 2.89E-004 1.58E-005 0
105 54.686903 0 53.965608 0 0 1.242555 4.325656 0 2.80E-004 1.59E-005 0
106 54.253372 0 53.61778 0 0 1.242556 4.325656 0 2.71E-004 1.60E-005 0
107 54.123204 0 53.269901 0 0 1.242558 4.325657 0 2.63E-004 1.61E-005 0
108 54.020223 0 52.922094 0 0 1.24256 4.325657 0 2.54E-004 1.62E-005 0
109 53.288009 0 52.57425 0 0 1.242562 4.325657 0 2.46E-004 1.63E-005 0
110 53.117513 0 52.226369 0 0 1.242564 4.325658 0 2.38E-004 1.64E-005 0
111 52.944137 0 51.878562 0 0 1.242566 4.325658 0 2.30E-004 1.65E-005 0
112 52.038907 0 51.530703 0 0 1.242567 4.325658 0 2.23E-004 1.66E-005 0
113 51.835825 0.052139 51.182877 0 0 1.242569 4.325659 0 2.16E-004 1.67E-005 0
114 51.305613 0.326454 50.975606 0.625364 0 1.31922 4.356058 0 2.74E-006 3.41E-006 0.015292
115 51.618519 0.806837 50.942413 1.256105 0 1.481412 4.366896 0 5.95E-012 8.56E-007 0.018844
116 51.688914 1.404541 50.928439 1.883354 0 1.569199 4.367843 0 2.13E-021 5.48E-007 0.019233
117 51.260244 1.907548 50.918667 2.504086 0 1.609925 4.368182 0 1.37E-034 4.10E-007 0.019401
118 51.389871 2.263708 50.91108 3.118288 0 1.62891 4.368365 0 1.71E-051 3.29E-007 0.019498
119 51.578731 2.446529 50.904857 3.725938 0 1.637989 4.36848 0 4.62E-072 2.75E-007 0.019563
120 51.308314 2.545467 50.899161 3.686131 0 1.642285 4.368495 0 2.49E-094 2.77E-007 0.019565
121 51.154562 2.63222 50.893408 3.646752 0 1.644097 4.36849 0 2.31E-116 2.79E-007 0.019561
122 51.185888 2.696806 50.887595 3.607793 0 1.644831 4.368484 0 3.67E-138 2.82E-007 0.019558
123 51.469628 2.755529 50.881721 3.569253 0 1.645104 4.368478 0 1.00E-159 2.85E-007 0.019554
124 51.380869 2.801941 50.875786 3.531123 0 1.64518 4.368473 0 4.63E-181 2.88E-007 0.019551
125 51.028355 2.840909 50.869787 3.493398 0 1.64517 4.368467 0 3.61E-202 2.91E-007 0.019547
126 51.202272 2.866278 50.863727 3.456081 0 1.645124 4.368461 0 4.75E-223 2.95E-007 0.019544
127 51.212174 2.882996 50.857603 3.419159 0 1.645061 4.368455 0 1.04E-243 2.98E-007 0.01954
128 51.136918 2.894433 50.851415 3.382634 0 1.644992 4.368449 0 3.79E-264 3.01E-007 0.019536
129 50.588343 2.902667 50.845162 3.346498 0 1.644918 4.368443 0 2.28E-284 3.04E-007 0.019533
130 51.095329 2.907408 50.838844 3.310749 0 1.644842 4.368436 0 2.26E-304 3.07E-007 0.019529
131 50.856239 2.907491 50.83246 3.275381 0 1.644766 4.36843 0 0 3.11E-007 0.019525
132 50.590503 2.905454 50.826008 3.24039 0 1.644688 4.368424 0 0 3.14E-007 0.019521
133 51.00477 2.900921 50.81949 3.205775 0 1.644609 4.368417 0 0 3.17E-007 0.019518
134 51.117654 2.8988 50.812903 3.171528 0 1.64453 4.368411 0 0 3.21E-007 0.019514
135 51.617259 2.902002 50.806248 3.137649 0 1.644449 4.368404 0 0 3.24E-007 0.01951
136 51.367906 2.894558 50.799523 3.10413 0 1.644368 4.368398 0 0 3.27E-007 0.019506
137 51.365386 2.882996 50.792728 3.07097 0 1.644286 4.368391 0 0 3.31E-007 0.019502
138 51.1452 2.870312 50.785862 3.038165 0 1.644203 4.368384 0 0 3.34E-007 0.019498
139 51.110813 2.848852 50.778925 3.005711 0 1.64412 4.368378 0 0 3.38E-007 0.019494
140 50.917632 2.823151 50.771914 2.973601 0 1.644035 4.368371 0 0 3.41E-007 0.01949
141 50.808169 2.808512 50.764831 2.941835 0 1.64395 4.368364 0 0 3.45E-007 0.019486
142 50.470778 2.792625 50.757674 2.910409 0 1.643863 4.368357 0 0 3.49E-007 0.019481
143 50.649736 2.774327 50.750443 2.87932 0 1.643776 4.36835 0 0 3.52E-007 0.019477
144 50.401644 2.756693 50.743136 2.848561 0 1.643688 4.368342 0 0 3.56E-007 0.019473
145 50.48032 2.740141 50.735754 2.818132 0 1.6436 4.368335 0 0 3.60E-007 0.019468
146 51.307414 2.725086 50.728294 2.788028 0 1.64351 4.368328 0 0 3.64E-007 0.019464
147 51.741845 2.71419 50.720757 2.758247 0 1.643419 4.36832 0 0 3.67E-007 0.01946
148 51.654166 2.698345 50.713142 2.728783 0 1.643328 4.368313 0 0 3.71E-007 0.019455
149 51.366646 2.681045 50.705447 2.699632 0 1.643235 4.368305 0 0 3.75E-007 0.019451
150 51.324517 2.662787 50.697673 2.670796 0 1.643142 4.368298 0 0 3.79E-007 0.019446
151 51.276087 2.642576 50.689817 2.642264 0 1.643047 4.36829 0 0 3.83E-007 0.019442
152 50.873883 2.623154 50.68188 2.614041 0 1.642952 4.368282 0 0 3.87E-007 0.019437
153 50.28876 2.606935 50.673861 2.586117 0 1.642856 4.368275 0 0 3.91E-007 0.019432
154 50.469518 2.591838 50.665759 2.558494 0 1.642759 4.368267 0 0 3.96E-007 0.019428
155 50.310725 2.576658 50.657572 2.531163 0 1.64266 4.368259 0 0 4.00E-007 0.019423
156 50.658378 2.556488 50.649301 2.504126 0 1.642561 4.368251 0 0 4.04E-007 0.019418
157 51.199211 2.533324 50.640944 2.477376 0 1.642461 4.368242 0 0 4.08E-007 0.019413
158 51.246021 2.507913 50.6325 2.450913 0 1.64236 4.368234 0 0 4.12E-007 0.019408
159 50.785844 2.488242 50.623969 2.424732 0 1.642258 4.368226 0 0 4.17E-007 0.019403
160 51.28977 2.471773 50.61535 2.398832 0 1.642155 4.368217 0 0 4.21E-007 0.019398
161 50.815551 2.455055 50.606642 2.37321 0 1.642051 4.368209 0 0 4.26E-007 0.019393
162 50.882525 2.442828 50.597844 2.34786 0 1.641945 4.3682 0 0 4.30E-007 0.019388
163 50.596085 2.438545 50.588954 2.322779 0 1.641839 4.368192 0 0 4.35E-007 0.019383
164 51.031416 2.427108 50.579972 2.297968 0 1.641732 4.368183 0 0 4.39E-007 0.019378
165 50.658018 2.401531 50.570899 2.273423 0 1.641623 4.368174 0 0 4.44E-007 0.019372
166 50.846877 2.36589 50.561731 2.24914 0 1.641514 4.368165 0 0 4.48E-007 0.019367
167 50.558817 2.340563 50.55247 2.225117 0 1.641403 4.368156 0 0 4.53E-007 0.019362
168 50.610308 2.319935 50.543111 2.201348 0 1.641292 4.368147 0 0 4.58E-007 0.019356
169 50.931315 2.300847 50.533657 2.177834 0 1.641179 4.368138 0 0 4.63E-007 0.019351
170 50.777203 2.286457 50.524106 2.154573 0 1.641065 4.368129 0 0 4.68E-007 0.019345
171 50.748937 2.276393 50.514456 2.13156 0 1.64095 4.368119 0 0 4.73E-007 0.019339
172 50.731293 2.263209 50.504707 2.108792 0 1.640834 4.36811 0 0 4.77E-007 0.019334
173 50.508226 2.248113 50.494858 2.086268 0 1.640717 4.3681 0 0 4.82E-007 0.019328
174 51.070484 2.229897 50.484907 2.063985 0 1.640599 4.36809 0 0 4.88E-007 0.019322
175 50.228267 2.20744 50.474854 2.041938 0 1.640479 4.368081 0 0 4.93E-007 0.019317
176 50.661438 2.184733 50.464698 2.020129 0 1.640359 4.368071 0 0 4.98E-007 0.019311
177 50.030046 2.164355 50.454437 1.998551 0 1.640237 4.368061 0 0 5.03E-007 0.019305
178 50.800067 2.143311 50.444072 1.977206 0 1.640114 4.368051 0 0 5.08E-007 0.019299
179 50.86146 2.126759 50.433601 1.956089 0 1.63999 4.368041 0 0 5.14E-007 0.019293
180 50.636053 2.108876 50.423021 1.935195 0 1.639864 4.36803 0 0 5.19E-007 0.019287
181 50.697806 2.091659 50.412333 1.914526 0 1.639738 4.36802 0 0 5.24E-007 0.01928
182 50.439092 2.078434 50.401536 1.894078 0 1.63961 4.36801 0 0 5.30E-007 0.019274
183 50.552876 2.061674 50.390628 1.873848 0 1.63948 4.367999 0 0 5.35E-007 0.019268
184 50.863081 2.04691 50.379609 1.853835 0 1.63935 4.367988 0 0 5.41E-007 0.019262
185 50.857499 2.030025 50.368477 1.834034 0 1.639218 4.367978 0 0 5.47E-007 0.019255
186 49.974234 2.01131 50.357232 1.814447 0 1.639086 4.367967 0 0 5.52E-007 0.019249
187 49.689955 1.992845 50.345871 1.795067 0 1.638951 4.367956 0 0 5.58E-007 0.019242
188 49.790956 1.973133 50.334395 1.775896 0 1.638816 4.367945 0 0 5.64E-007 0.019236
189 50.09648 1.951632 50.322802 1.756929 0 1.638679 4.367933 0 0 5.70E-007 0.019229
190 50.266435 1.932959 50.31109 1.738165 0 1.638541 4.367922 0 0 5.76E-007 0.019222
191 50.38202 1.914452 50.29926 1.719602 0 1.638401 4.367911 0 0 5.82E-007 0.019215
192 50.459616 1.89582 50.287308 1.701237 0 1.638261 4.367899 0 0 5.88E-007 0.019209
193 49.625681 1.878728 50.275236 1.683069 0 1.638119 4.367888 0 0 5.94E-007 0.019202
194 49.992598 1.863881 50.26304 1.665094 0 1.637975 4.367876 0 0 6.00E-007 0.019195
195 49.917522 1.850656 50.250721 1.647312 0 1.63783 4.367864 0 0 6.06E-007 0.019188
196 50.19136 1.838096 50.238276 1.62972 0 1.637684 4.367852 0 0 6.13E-007 0.01918
197 50.448094 1.819881 50.225705 1.612314 0 1.637536 4.36784 0 0 6.19E-007 0.019173
198 49.868552 1.800251 50.213006 1.595095 0 1.637387 4.367828 0 0 6.26E-007 0.019166
199 49.848388 1.782036 50.200179 1.578061 0 1.637237 4.367815 0 0 6.32E-007 0.019159
200 49.918783 1.763362 50.187223 1.56121 0 1.637085 4.367803 0 0 6.39E-007 0.019151
201 50.388861 1.743442 50.174133 1.544536 0 1.636932 4.36779 0 0 6.45E-007 0.019144
202 50.210264 1.725351 50.160913 1.528042 0 1.636777 4.367778 0 0 6.52E-007 0.019136
203 49.823903 1.70934 50.147559 1.511725 0 1.636621 4.367765 0 0 6.59E-007 0.019129
204 50.029506 1.694368 50.13407 1.495582 0 1.636463 4.367752 0 0 6.66E-007 0.019121
205 49.805899 1.680935 50.120443 1.47961 0 1.636304 4.367739 0 0 6.73E-007 0.019113
206 49.732984 1.666795 50.106681 1.463811 0 1.636143 4.367726 0 0 6.80E-007 0.019105
207 49.869092 1.653279 50.09278 1.44818 0 1.635981 4.367712 0 0 6.87E-007 0.019098
208 49.52684 1.63656 50.078737 1.432715 0 1.635817 4.367699 0 0 6.94E-007 0.01909
209 50.066414 1.61926 50.064555 1.417417 0 1.635652 4.367685 0 0 7.01E-007 0.019082
210 50.134648 1.602167 50.050228 1.402281 0 1.635485 4.367672 0 0 7.08E-007 0.019073
211 50.028606 1.587778 50.035758 1.387307 0 1.635317 4.367658 0 0 7.15E-007 0.019065
212 49.962532 1.576549 50.021143 1.372493 0 1.635147 4.367644 0 0 7.23E-007 0.019057
213 49.95317 1.564031 50.006381 1.357838 0 1.634975 4.36763 0 0 7.30E-007 0.019049
214 50.036887 1.549808 49.991472 1.34334 0 1.634802 4.367615 0 0 7.38E-007 0.01904
215 49.983956 1.533339 49.976412 1.328997 0 1.634627 4.367601 0 0 7.46E-007 0.019032
216 49.707958 1.517411 49.961202 1.314807 0 1.634451 4.367587 0 0 7.53E-007 0.019023
217 49.739825 1.500859 49.945839 1.300767 0 1.634273 4.367572 0 0 7.61E-007 0.019014
218 49.604617 1.48755 49.930323 1.286879 0 1.634093 4.367557 0 0 7.69E-007 0.019006
219 49.375789 1.471913 49.914652 1.273139 0 1.633912 4.367542 0 0 7.77E-007 0.018997
220 49.366427 1.458106 49.898824 1.259546 0 1.633729 4.367527 0 0 7.85E-007 0.018988
221 49.177567 1.44093 49.882838 1.246098 0 1.633545 4.367512 0 0 7.93E-007 0.018979
222 49.871973 1.425792 49.866694 1.232794 0 1.633358 4.367497 0 0 8.01E-007 0.01897
223 49.00149 1.411652 49.850387 1.219632 0 1.63317 4.367481 0 0 8.09E-007 0.018961
224 49.061623 1.398136 49.833921 1.206612 0 1.63298 4.367465 0 0 8.18E-007 0.018952
225 49.14354 1.38541 49.817287 1.193729 0 1.632789 4.36745 0 0 8.26E-007 0.018942
226 49.14192 1.372518 49.800491 1.180985 0 1.632596 4.367434 0 0 8.34E-007 0.018933
227 49.542324 1.36 49.783528 1.168378 0 1.632401 4.367418 0 0 8.43E-007 0.018923
228 49.349683 1.347898 49.766395 1.155904 0 1.632204 4.367401 0 0 8.52E-007 0.018914
229 49.766831 1.335796 49.749095 1.143565 0 1.632006 4.367385 0 0 8.60E-007 0.018904
230 49.711559 1.321947 49.731619 1.131355 0 1.631805 4.367369 0 0 8.69E-007 0.018894
231 49.408916 1.30868 49.713974 1.119279 0 1.631603 4.367352 0 0 8.78E-007 0.018885
232 49.57419 1.296037 49.696154 1.10733 0 1.631399 4.367335 0 0 8.87E-007 0.018875
233 49.180988 1.281191 49.678158 1.09551 0 1.631193 4.367318 0 0 8.96E-007 0.018865
234 48.982226 1.267051 49.659985 1.083816 0 1.630986 4.367301 0 0 9.05E-007 0.018854
235 49.091689 1.252869 49.64163 1.072246 0 1.630776 4.367284 0 0 9.15E-007 0.018844
236 49.470309 1.239727 49.623098 1.060802 0 1.630565 4.367266 0 0 9.24E-007 0.018834
237 49.305394 1.227417 49.60438 1.049477 0 1.630352 4.367249 0 0 9.33E-007 0.018824
238 49.452665 1.214525 49.58548 1.038275 0 1.630137 4.367231 0 0 9.43E-007 0.018813
239 49.272807 1.200801 49.566395 1.027193 0 1.62992 4.367213 0 0 9.53E-007 0.018803
240 49.355624 1.186702 49.547123 1.01623 0 1.629701 4.367195 0 0 9.62E-007 0.018792
241 49.511897 1.174143 49.527661 1.005383 0 1.62948 4.367176 0 0 9.72E-007 0.018781
242 49.646565 1.162082 49.50801 0.994654 0 1.629257 4.367158 0 0 9.82E-007 0.01877
243 49.61956 1.148358 49.488165 0.984037 0 1.629032 4.367139 0 0 9.92E-007 0.018759
244 48.852599 1.136963 49.468128 0.973536 0 1.628805 4.367121 0 0 1.00E-006 0.018748
245 48.914352 1.123738 49.447891 0.963144 0 1.628576 4.367102 0 0 1.01E-006 0.018737
246 49.304134 1.108725 49.427461 0.952866 0 1.628346 4.367083 0 0 1.02E-006 0.018726
247 48.969804 1.097662 49.406832 0.942697 0 1.628113 4.367063 0 0 1.03E-006 0.018715
248 48.454175 1.085436 49.386001 0.932637 0 1.627878 4.367044 0 0 1.04E-006 0.018703
249 48.358935 1.072668 49.364966 0.922684 0 1.627641 4.367024 0 0 1.05E-006 0.018692
250 48.443913 1.062437 49.34373 0.912839 0 1.627402 4.367004 0 0 1.06E-006 0.01868
251 49.018234 1.050377 49.322284 0.903097 0 1.627161 4.366984 0 0 1.08E-006 0.018668
252 48.990328 1.040313 49.300633 0.89346 0 1.626918 4.366964 0 0 1.09E-006 0.018657
253 48.90625 1.029749 49.278772 0.883926 0 1.626673 4.366944 0 0 1.10E-006 0.018645
254 48.784365 1.017148 49.2567 0.874495 0 1.626426 4.366923 0 0 1.11E-006 0.018633
255 48.813891 1.007167 49.234416 0.865164 0 1.626177 4.366903 0 0 1.12E-006 0.018621
256 48.840536 0.99469 49.211915 0.855933 0 1.625925 4.366882 0 0 1.13E-006 0.018608
257 48.439232 0.981299 49.189197 0.8468 0 1.625672 4.366861 0 0 1.14E-006 0.018596
258 48.281699 0.969946 49.166262 0.837766 0 1.625416 4.36684 0 0 1.15E-006 0.018584
259 48.52583 0.958883 49.143104 0.828827 0 1.625158 4.366818 0 0 1.17E-006 0.018571
260 48.519529 0.946864 49.119728 0.819986 0 1.624898 4.366797 0 0 1.18E-006 0.018558
261 49.011392 0.935594 49.096125 0.811238 0 1.624636 4.366775 0 0 1.19E-006 0.018546
262 48.766361 0.923575 49.072295 0.802583 0 1.624371 4.366753 0 0 1.20E-006 0.018533
263 48.413487 0.910142 49.048239 0.794021 0 1.624105 4.366731 0 0 1.21E-006 0.01852
264 48.420688 0.899786 49.023953 0.785551 0 1.623836 4.366708 0 0 1.23E-006 0.018507
265 48.646096 0.890013 48.999432 0.777171 0 1.623564 4.366686 0 0 1.24E-006 0.018493
266 48.168816 0.882028 48.974681 0.768881 0 1.623291 4.366663 0 0 1.25E-006 0.01848
267 48.577321 0.873919 48.949693 0.76068 0 1.623015 4.36664 0 0 1.26E-006 0.018467
268 48.541314 0.864811 48.924468 0.752567 0 1.622737 4.366617 0 0 1.28E-006 0.018453
269 48.385041 0.855662 48.899003 0.74454 0 1.622457 4.366593 0 0 1.29E-006 0.01844
270 48.106523 0.845306 48.873296 0.736599 0 1.622175 4.36657 0 0 1.30E-006 0.018426
271 48.110843 0.83362 48.847349 0.728744 0 1.62189 4.366546 0 0 1.31E-006 0.018412
272 48.122366 0.822474 48.821153 0.720971 0 1.621603 4.366522 0 0 1.33E-006 0.018398
273 48.172596 0.81137 48.794711 0.713283 0 1.621313 4.366498 0 0 1.34E-006 0.018384
274 47.971314 0.802096 48.768016 0.705676 0 1.621021 4.366473 0 0 1.35E-006 0.01837
275 48.122006 0.793612 48.741074 0.698151 0 1.620727 4.366449 0 0 1.37E-006 0.018356
276 48.23957 0.783132 48.71388 0.690707 0 1.62043 4.366424 0 0 1.38E-006 0.018341
277 47.932246 0.775147 48.686426 0.683341 0 1.620132 4.366399 0 0 1.39E-006 0.018327
278 47.95205 0.763586 48.658717 0.676056 0 1.61983 4.366374 0 0 1.41E-006 0.018312
279 47.638604 0.753896 48.630746 0.668847 0 1.619526 4.366349 0 0 1.42E-006 0.018297
280 47.2364 0.746784 48.602518 0.661717 0 1.61922 4.366323 0 0 1.44E-006 0.018282
281 47.355405 0.736803 48.57402 0.654661 0 1.618912 4.366297 0 0 1.45E-006 0.018267
282 46.966884 0.728069 48.545262 0.647682 0 1.618601 4.366271 0 0 1.47E-006 0.018252
283 46.953921 0.719669 48.516235 0.640778 0 1.618287 4.366245 0 0 1.48E-006 0.018237
284 46.941138 0.70948 48.486936 0.633947 0 1.617971 4.366218 0 0 1.49E-006 0.018222
285 47.248823 0.702534 48.457365 0.627189 0 1.617653 4.366192 0 0 1.51E-006 0.018206
286 47.6197 0.692054 48.427523 0.620505 0 1.617332 4.366165 0 0 1.52E-006 0.01819
287 47.75977 0.682447 48.397401 0.61389 0 1.617008 4.366138 0 0 1.54E-006 0.018175
288 48.266576 0.673173 48.367002 0.607348 0 1.616683 4.36611 0 0 1.55E-006 0.018159
289 48.009122 0.664481 48.336324 0.600875 0 1.616354 4.366083 0 0 1.57E-006 0.018143
290 47.746447 0.65608 48.305361 0.594471 0 1.616023 4.366055 0 0 1.59E-006 0.018127
291 47.324078 0.646058 48.274115 0.588136 0 1.61569 4.366027 0 0 1.60E-006 0.018111
292 47.211195 0.637948 48.24258 0.581869 0 1.615354 4.365999 0 0 1.62E-006 0.018094
293 47.700897 0.630171 48.210755 0.575668 0 1.615015 4.36597 0 0 1.63E-006 0.018078
294 46.793867 0.620689 48.178642 0.569535 0 1.614674 4.365942 0 0 1.65E-006 0.018061
295 46.724013 0.612704 48.146237 0.563467 0 1.614331 4.365913 0 0 1.67E-006 0.018045
296 47.199132 0.604428 48.113531 0.557463 0 1.613984 4.365883 0 0 1.68E-006 0.018028
297 46.632913 0.59636 48.080527 0.551524 0 1.613635 4.365854 0 0 1.70E-006 0.018011
298 46.748318 0.589955 48.047229 0.545649 0 1.613284 4.365824 0 0 1.71E-006 0.017994
299 47.47261 0.582594 48.013622 0.539836 0 1.61293 4.365795 0 0 1.73E-006 0.017976
300 47.38151 0.574402 47.979716 0.534086 0 1.612573 4.365765 0 0 1.75E-006 0.017959
301 47.078867 0.567831 47.945497 0.528397 0 1.612214 4.365734 0 0 1.77E-006 0.017942
302 47.020535 0.559471 47.910971 0.522769 0 1.611852 4.365704 0 0 1.78E-006 0.017924
303 46.76164 0.553815 47.876139 0.517202 0 1.611488 4.365673 0 0 1.80E-006 0.017906
304 47.072566 0.546496 47.840987 0.511694 0 1.611121 4.365642 0 0 1.82E-006 0.017889
305 46.899009 0.538428 47.805523 0.506245 0 1.610751 4.365611 0 0 1.84E-006 0.017871
306 46.71285 0.532813 47.769742 0.500855 0 1.610378 4.365579 0 0 1.85E-006 0.017852
307 46.970664 0.524745 47.733635 0.495521 0 1.610003 4.365548 0 0 1.87E-006 0.017834
308 46.619231 0.517218 47.697206 0.490245 0 1.609625 4.365516 0 0 1.89E-006 0.017816
309 46.312266 0.509441 47.660461 0.485027 0 1.609245 4.365483 0 0 1.91E-006 0.017797
310 46.42695 0.50208 47.623377 0.479862 0 1.608862 4.365451 0 0 1.93E-006 0.017779
311 46.528131 0.494303 47.585973 0.474755 0 1.608476 4.365418 0 0 1.94E-006 0.01776
312 46.179218 0.486692 47.548234 0.469701 0 1.608087 4.365385 0 0 1.96E-006 0.017741
313 46.651457 0.479622 47.510158 0.464702 0 1.607696 4.365352 0 0 1.98E-006 0.017722
314 46.385182 0.47301 47.47175 0.459756 0 1.607302 4.365319 0 0 2.00E-006 0.017703
315 45.985138 0.465274 47.433001 0.454863 0 1.606905 4.365285 0 0 2.02E-006 0.017684
316 45.576092 0.458412 47.39391 0.450023 0 1.606506 4.365251 0 0 2.04E-006 0.017664
317 46.156894 0.451176 47.35448 0.445235 0 1.606104 4.365217 0 0 2.06E-006 0.017645
318 46.240971 0.444938 47.314704 0.440498 0 1.605699 4.365183 0 0 2.08E-006 0.017625
319 46.004942 0.438409 47.274574 0.435811 0 1.605291 4.365148 0 0 2.10E-006 0.017605
320 45.794118 0.430923 47.234094 0.431174 0 1.604881 4.365113 0 0 2.12E-006 0.017585
321 46.079657 0.425683 47.193269 0.426588 0 1.604468 4.365078 0 0 2.14E-006 0.017565
322 46.23323 0.419985 47.152085 0.42205 0 1.604052 4.365043 0 0 2.16E-006 0.017545
323 45.66287 0.412499 47.110543 0.417561 0 1.603634 4.365007 0 0 2.18E-006 0.017525
324 45.70914 0.40701 47.068645 0.413121 0 1.603212 4.364971 0 0 2.20E-006 0.017504
325 45.941929 0.401354 47.026379 0.408727 0 1.602788 4.364935 0 0 2.22E-006 0.017484
326 45.782595 0.395531 46.983754 0.404381 0 1.602361 4.364898 0 0 2.24E-006 0.017463
327 45.059383 0.389168 46.940764 0.400082 0 1.601932 4.364862 0 0 2.27E-006 0.017442
328 45.369228 0.382556 46.897395 0.395828 0 1.6015 4.364825 0 0 2.29E-006 0.017421
329 45.28083 0.377524 46.853667 0.391621 0 1.601065 4.364788 0 0 2.31E-006 0.0174
330 45.366168 0.374654 46.80956 0.387458 0 1.600627 4.36475 0 0 2.33E-006 0.017379
331 45.576092 0.369248 46.765077 0.383339 0 1.600186 4.364713 0 0 2.35E-006 0.017357
332 45.695097 0.36355 46.720214 0.379265 0 1.599743 4.364675 0 0 2.37E-006 0.017336
333 45.28209 0.357104 46.674967 0.375234 0 1.599297 4.364637 0 0 2.40E-006 0.017314
334 45.015094 0.351198 46.629345 0.371247 0 1.598848 4.364598 0 0 2.42E-006 0.017292
335 44.723613 0.346624 46.583336 0.367303 0 1.598396 4.364559 0 0 2.44E-006 0.01727
336 44.962343 0.341051 46.536939 0.363401 0 1.597942 4.36452 0 0 2.47E-006 0.017248
337 45.498496 0.335603 46.490151 0.35954 0 1.597485 4.364481 0 0 2.49E-006 0.017226
338 44.885107 0.330238 46.442971 0.355721 0 1.597025 4.364442 0 0 2.51E-006 0.017204
339 44.505947 0.324457 46.395397 0.351943 0 1.596562 4.364402 0 0 2.54E-006 0.017181
340 44.313667 0.321047 46.347418 0.348205 0 1.596097 4.364362 0 0 2.56E-006 0.017159
341 45.266247 0.31535 46.29905 0.344508 0 1.595628 4.364322 0 0 2.58E-006 0.017136
342 45.033998 0.310109 46.250271 0.34085 0 1.595157 4.364281 0 0 2.61E-006 0.017113
343 44.865303 0.305535 46.201101 0.337231 0 1.594684 4.364241 0 0 2.63E-006 0.01709
344 44.987728 0.299463 46.151517 0.333652 0 1.594207 4.3642 0 0 2.66E-006 0.017067
345 44.493525 0.29547 46.101519 0.33011 0 1.593728 4.364158 0 0 2.68E-006 0.017044
346 43.961333 0.291312 46.05112 0.326606 0 1.593246 4.364117 0 0 2.71E-006 0.01702
347 44.054953 0.285365 46.000303 0.32314 0 1.592762 4.364075 0 0 2.73E-006 0.016997
348 44.354896 0.281039 45.949072 0.319712 0 1.592274 4.364033 0 0 2.76E-006 0.016973
349 44.308986 0.276049 45.89742 0.316319 0 1.591784 4.363991 0 0 2.78E-006 0.01695
350 44.051892 0.271765 45.845351 0.312964 0 1.591292 4.363948 0 0 2.81E-006 0.016926
351 43.988699 0.267149 45.792855 0.309644 0 1.590796 4.363905 0 0 2.83E-006 0.016902
352 43.885357 0.260703 45.739939 0.30636 0 1.590298 4.363862 0 0 2.86E-006 0.016877
353 43.600357 0.257126 45.686599 0.303111 0 1.589797 4.363819 0 0 2.89E-006 0.016853
354 43.623582 0.252344 45.632816 0.299896 0 1.589293 4.363775 0 0 2.91E-006 0.016829
355 43.387013 0.24727 45.578609 0.296717 0 1.588787 4.363731 0 0 2.94E-006 0.016804
356 43.387013 0.243901 45.523973 0.293571 0 1.588278 4.363687 0 0 2.97E-006 0.016779
357 43.031978 0.239493 45.468896 0.29046 0 1.587767 4.363643 0 0 3.00E-006 0.016755
358 42.689546 0.236623 45.413388 0.287382 0 1.587253 4.363598 0 0 3.02E-006 0.01673
359 43.016495 0.232964 45.357425 0.284336 0 1.586736 4.363553 0 0 3.05E-006 0.016705
360 43.129919 0.227557 45.301037 0.281323 0 1.586216 4.363508 0 0 3.08E-006 0.016679
361 42.65732 0.223773 45.244191 0.278343 0 1.585694 4.363463 0 0 3.11E-006 0.016654
362 42.769303 0.218948 45.186904 0.275395 0 1.585169 4.363417 0 0 3.13E-006 0.016629
363 42.489885 0.214956 45.129155 0.272477 0 1.584642 4.363371 0 0 3.16E-006 0.016603
364 42.742298 0.212918 45.070973 0.269592 0 1.584112 4.363325 0 0 3.19E-006 0.016577
365 42.839338 0.208718 45.012324 0.266737 0 1.58358 4.363279 0 0 3.22E-006 0.016551
366 42.66074 0.205807 44.953228 0.263914 0 1.583045 4.363232 0 0 3.25E-006 0.016525
367 42.585125 0.202022 44.89367 0.26112 0 1.582507 4.363185 0 0 3.28E-006 0.016499
368 42.51779 0.198238 44.83365 0.258356 0 1.581967 4.363138 0 0 3.31E-006 0.016473
369 42.735816 0.195742 44.773166 0.255622 0 1.581424 4.363091 0 0 3.34E-006 0.016447
370 42.540475 0.19175 44.712215 0.252917 0 1.580879 4.363043 0 0 3.37E-006 0.01642
371 42.243053 0.188548 44.650807 0.250242 0 1.580331 4.362995 0 0 3.40E-006 0.016394
372 42.057254 0.186011 44.588928 0.247595 0 1.579781 4.362947 0 0 3.43E-006 0.016367
373 41.663151 0.18181 44.526577 0.244976 0 1.579229 4.362898 0 0 3.46E-006 0.01634
374 41.648568 0.179481 44.463751 0.242386 0 1.578674 4.36285 0 0 3.49E-006 0.016313
375 41.775135 0.175697 44.400447 0.239823 0 1.578116 4.362801 0 0 3.52E-006 0.016286
376 42.146913 0.172453 44.336667 0.237288 0 1.577556 4.362752 0 0 3.56E-006 0.016259
377 41.460069 0.170706 44.272416 0.23478 0 1.576994 4.362702 0 0 3.59E-006 0.016232
378 41.291913 0.166506 44.207673 0.232298 0 1.576429 4.362653 0 0 3.62E-006 0.016205
379 40.854062 0.163886 44.142454 0.229844 0 1.575862 4.362603 0 0 3.65E-006 0.016177
380 40.907173 0.161266 44.076753 0.227416 0 1.575293 4.362553 0 0 3.69E-006 0.016149
381 40.596428 0.158895 44.010561 0.225014 0 1.574721 4.362502 0 0 3.72E-006 0.016122
382 40.32313 0.155735 43.943877 0.222637 0 1.574147 4.362452 0 0 3.75E-006 0.016094
383 40.128509 0.151576 43.876705 0.220287 0 1.573571 4.362401 0 0 3.78E-006 0.016066
384 40.070717 0.149039 43.809046 0.217961 0 1.572992 4.36235 0 0 3.82E-006 0.016038
385 39.630165 0.145213 43.740882 0.21566 0 1.572411 4.362299 0 0 3.85E-006 0.01601
386 39.614862 0.142551 43.672231 0.213385 0 1.571828 4.362247 0 0 3.89E-006 0.015982
387 39.929388 0.141096 43.603068 0.211133 0 1.571243 4.362195 0 0 3.92E-006 0.015953
388 39.451747 0.136854 43.533416 0.208905 0 1.570655 4.362143 0 0 3.96E-006 0.015925
389 39.135241 0.134649 43.46326 0.206702 0 1.570066 4.362091 0 0 3.99E-006 0.015896
390 39.70362 0.1297 43.392597 0.204522 0 1.569474 4.362039 0 0 4.03E-006 0.015867
391 39.22454 0.127039 43.321441 0.202366 0 1.56888 4.361986 0 0 4.06E-006 0.015839
392 39.002733 0.124336 43.249762 0.200233 0 1.568284 4.361933 0 0 4.10E-006 0.01581
393 38.914695 0.120925 43.177571 0.198122 0 1.567686 4.36188 0 0 4.13E-006 0.015781
394 38.459739 0.118139 43.104879 0.196034 0 1.567086 4.361827 0 0 4.17E-006 0.015752
395 38.088322 0.113939 43.031673 0.193969 0 1.566484 4.361773 0 0 4.20E-006 0.015722
396 38.024048 0.110903 42.957952 0.191926 0 1.56588 4.361719 0 0 4.24E-006 0.015693
397 38.182481 0.107742 42.883726 0.189904 0 1.565274 4.361665 0 0 4.28E-006 0.015664
398 37.586196 0.105371 42.808965 0.187905 0 1.564665 4.361611 0 0 4.32E-006 0.015634
399 37.865975 0.102835 42.733694 0.185927 0 1.564056 4.361557 0 0 4.35E-006 0.015605
400 37.566932 0.098925 42.657901 0.18397 0 1.563444 4.361502 0 0 4.39E-006 0.015575
401 37.191193 0.09618 42.581596 0.182034 0 1.56283 4.361448 0 0 4.43E-006 0.015545
402 36.805012 0.091855 42.504748 0.180119 0 1.562215 4.361392 0 0 4.47E-006 0.015516
403 36.630196 0.088819 42.427384 0.178224 0 1.561597 4.361337 0 0 4.51E-006 0.015486
404 36.337094 0.086199 42.34949 0.17635 0 1.560978 4.361282 0 0 4.55E-006 0.015456
405 35.826687 0.082456 42.271082 0.174496 0 1.560358 4.361226 0 0 4.58E-006 0.015426
406 35.760613 0.080834 42.19212 0.172661 0 1.559735 4.36117 0 0 4.62E-006 0.015396
407 35.544748 0.077216 42.112651 0.170847 0 1.559111 4.361115 0 0 4.66E-006 0.015365
408 35.433485 0.073848 42.032633 0.169051 0 1.558485 4.361058 0 0 4.70E-006 0.015335
409 35.194035 0.070354 41.952089 0.167276 0 1.557858 4.361002 0 0 4.74E-006 0.015305
410 34.868166 0.066195 41.871001 0.165519 0 1.557228 4.360945 0 0 4.79E-006 0.015274
411 34.447598 0.063617 41.789391 0.163781 0 1.556598 4.360889 0 0 4.83E-006 0.015244
412 34.141894 0.059541 41.707232 0.162061 0 1.555966 4.360832 0 0 4.87E-006 0.015213
413 33.876698 0.056381 41.624544 0.160361 0 1.555332 4.360775 0 0 4.91E-006 0.015182
414 33.688559 0.052513 41.541309 0.158678 0 1.554697 4.360717 0 0 4.95E-006 0.015152
415 33.556411 0.049228 41.457539 0.157013 0 1.554061 4.36066 0 0 4.99E-006 0.015121
416 33.338025 0.046067 41.37322 0.155367 0 1.553423 4.360602 0 0 5.04E-006 0.01509
417 33.110098 0.042282 41.288363 0.153738 0 1.552783 4.360545 0 0 5.08E-006 0.015059
418 32.346377 0.039787 41.202955 0.152126 0 1.552143 4.360487 0 0 5.12E-006 0.015028
419 31.985762 0.037791 41.117005 0.150531 0 1.551501 4.360429 0 0 5.17E-006 0.014997
420 31.889622 0.035379 41.030497 0.148954 0 1.550858 4.36037 0 0 5.21E-006 0.014966
421 31.620465 0.03305 40.943451 0.147394 0 1.550213 4.360312 0 0 5.25E-006 0.014934
422 31.40676 0.030762 40.855861 0.14585 0 1.549568 4.360253 0 0 5.30E-006 0.014903
423 31.199537 0.028517 40.767707 0.144323 0 1.548921 4.360195 0 0 5.34E-006 0.014872
424 30.826499 0.027103 40.679025 0.142812 0 1.548273 4.360136 0 0 5.39E-006 0.014841
425 30.566704 0.025398 40.589764 0.141318 0 1.547625 4.360077 0 0 5.43E-006 0.014809
426 29.997965 0.024399 40.499971 0.139839 0 1.546975 4.360018 0 0 5.48E-006 0.014778
427 29.667055 0.022694 40.409627 0.138377 0 1.546324 4.359958 0 0 5.52E-006 0.014746
428 29.44813 0.02128 40.318716 0.136929 0 1.545672 4.359899 0 0 5.57E-006 0.014715
429 29.229564 0.020657 40.227251 0.135498 0 1.545019 4.359839 0 0 5.62E-006 0.014683
430 28.512833 0.019866 40.135232 0.134082 0 1.544366 4.35978 0 0 5.66E-006 0.014651
431 28.11279 0.019243 40.04266 0.132681 0 1.543711 4.35972 0 0 5.71E-006 0.01462
432 27.647032 0.018827 39.949534 0.131295 0 1.543056 4.35966 0 0 5.76E-006 0.014588
433 27.415323 0.017205 39.85585 0.129924 0 1.5424 4.3596 0 0 5.81E-006 0.014556
434 26.981612 0.016248 39.761607 0.128567 0 1.541743 4.35954 0 0 5.86E-006 0.014524
435 26.97099 0.015666 39.666805 0.127225 0 1.541086 4.35948 0 0 5.90E-006 0.014493
436 27.184695 0.014668 39.571441 0.125898 0 1.540427 4.359419 0 0 5.95E-006 0.014461
437 26.889433 0.014668 39.475521 0.124584 0 1.539769 4.359359 0 0 6.00E-006 0.014429
438 26.375965 0.01342 39.379034 0.123285 0 1.539109 4.359298 0 0 6.05E-006 0.014397
439 25.769598 0.013462 39.281984 0.121999 0 1.53845 4.359238 0 0 6.10E-006 0.014365
440 25.381437 0.012963 39.184389 0.120728 0 1.537789 4.359177 0 0 6.15E-006 0.014333
441 24.984814 0.012048 39.086231 0.11947 0 1.537129 4.359116 0 0 6.20E-006 0.014301
442 24.620417 0.012422 38.987504 0.118225 0 1.536468 4.359055 0 0 6.26E-006 0.014269
443 24.49259 0.011216 38.888212 0.116994 0 1.535806 4.358994 0 0 6.31E-006 0.014237
444 23.928532 0.011299 38.788373 0.115776 0 1.535144 4.358933 0 0 6.36E-006 0.014205
445 23.737512 0.011216 38.687961 0.114571 0 1.534482 4.358872 0 0 6.41E-006 0.014173
446 23.267433 0.009844 38.586978 0.113379 0 1.53382 4.358811 0 0 6.46E-006 0.014141
447 22.839844 0.010551 38.485444 0.112199 0 1.533158 4.35875 0 0 6.52E-006 0.014109
448 22.318814 0.009968 38.38334 0.111032 0 1.532495 4.358688 0 0 6.57E-006 0.014077
449 22.124374 0.010301 38.280688 0.109878 0 1.531832 4.358627 0 0 6.62E-006 0.014045
450 21.706326 0.010759 38.177456 0.108736 0 1.53117 4.358565 0 0 6.68E-006 0.014013
451 21.1041 0.010509 38.073675 0.107606 0 1.530507 4.358504 0 0 6.73E-006 0.013981
452 20.896336 0.010176 37.969338 0.106488 0 1.529844 4.358442 0 0 6.79E-006 0.013949
453 20.323276 0.008388 37.864424 0.105382 0 1.529182 4.358381 0 0 6.84E-006 0.013917
454 19.845996 0.009012 37.758954 0.104288 0 1.528519 4.358319 0 0 6.90E-006 0.013885
455 19.891905 0.007432 37.652907 0.103206 0 1.527857 4.358257 0 0 6.96E-006 0.013853
456 19.745895 0.007847 37.546307 0.102135 0 1.527195 4.358196 0 0 7.01E-006 0.013821
457 19.097399 0.007556 37.43917 0.101076 0 1.526533 4.358134 0 0 7.07E-006 0.013789
458 18.871632 0.006974 37.331456 0.100028 0 1.525871 4.358072 0 0 7.13E-006 0.013757
459 18.468887 0.007348 37.223155 0.098991 0 1.52521 4.358011 0 0 7.18E-006 0.013725
460 17.993767 0.006517 37.114326 0.097965 0 1.524549 4.357949 0 0 7.24E-006 0.013693
461 17.990347 0.006683 37.004911 0.09695 0 1.523889 4.357887 0 0 7.30E-006 0.013661
462 17.418907 0.006433 36.894963 0.095946 0 1.523229 4.357825 0 0 7.36E-006 0.013629
463 16.927944 0.006101 36.784453 0.094953 0 1.52257 4.357764 0 0 7.42E-006 0.013597
464 16.973854 0.006433 36.673358 0.09397 0 1.521911 4.357702 0 0 7.48E-006 0.013566
465 16.579391 0.006142 36.56173 0.092998 0 1.521253 4.35764 0 0 7.54E-006 0.013534
466 15.996068 0.006433 36.449536 0.092036 0 1.520596 4.357578 0 0 7.60E-006 0.013502
467 15.487822 0.005227 36.336788 0.091084 0 1.519939 4.357517 0 0 7.66E-006 0.01347
468 15.149531 0.005602 36.223473 0.090142 0 1.519283 4.357455 0 0 7.72E-006 0.013439
469 15.067254 0.004687 36.109624 0.089211 0 1.518628 4.357393 0 0 7.79E-006 0.013407
470 14.770912 0.004396 35.995213 0.088289 0 1.517974 4.357332 0 0 7.85E-006 0.013375
471 14.290751 0.005186 35.880239 0.087377 0 1.51732 4.35727 0 0 7.91E-006 0.013344
472 13.99927 0.004437 35.764701 0.086475 0 1.516668 4.357208 0 0 7.98E-006 0.013312
473 13.795287 0.004936 35.648625 0.085582 0 1.516017 4.357147 0 0 8.04E-006 0.013281
474 13.018784 0.003938 35.532021 0.084699 0 1.515366 4.357085 0 0 8.10E-006 0.013249
475 12.938127 0.004271 35.414843 0.083826 0 1.514717 4.357024 0 0 8.17E-006 0.013218
476 12.798238 0.005934 35.297105 0.082961 0 1.514069 4.356963 0 0 8.24E-006 0.013187
477 12.497755 0.00477 35.178835 0.082106 0 1.513422 4.356901 0 0 8.30E-006 0.013155
478 11.828014 0.005352 35.059994 0.08126 0 1.512776 4.35684 0 0 8.37E-006 0.013124
479 11.740156 0.004437 34.940651 0.080423 0 1.512132 4.356779 0 0 8.43E-006 0.013093
480 11.382061 0.004229 34.820741 0.079594 0 1.511489 4.356718 0 0 8.50E-006 0.013062
481 10.829165 0.004479 34.700263 0.078775 0 1.510847 4.356657 0 0 8.57E-006 0.013031
482 10.522741 0.003564 34.57928 0.077964 0 1.510207 4.356596 0 0 8.64E-006 0.013
483 10.242062 0.00398 34.45773 0.077161 0 1.509568 4.356535 0 0 8.71E-006 0.012969
484 9.75704 0.003065 34.33565 0.076368 0 1.508931 4.356475 0 0 8.78E-006 0.012939
485 9.353936 0.002649 34.213034 0.075582 0 1.508295 4.356414 0 0 8.85E-006 0.012908
486 8.982158 0.002691 34.089879 0.074805 0 1.507661 4.356354 0 0 8.92E-006 0.012877
487 8.379931 0.001984 33.966189 0.074036 0 1.507029 4.356293 0 0 8.99E-006 0.012847
488 8.155064 0.002108 33.841996 0.073276 0 1.506398 4.356233 0 0 9.06E-006 0.012816
489 7.926236 0.0019 33.717235 0.072523 0 1.505769 4.356173 0 0 9.13E-006 0.012786
490 7.397825 0.001859 33.591946 0.071778 0 1.505142 4.356113 0 0 9.21E-006 0.012756
491 7.233451 0.001526 33.466122 0.071041 0 1.504517 4.356053 0 0 9.28E-006 0.012725
492 6.913164 0.001318 33.339791 0.070312 0 1.503893 4.355993 0 0 9.35E-006 0.012695
493 6.795239 0.002108 33.212898 0.069591 0 1.503272 4.355934 0 0 9.43E-006 0.012665
494 6.394655 0.001027 33.085502 0.068877 0 1.502652 4.355874 0 0 9.50E-006 0.012636
495 5.967965 0.001277 32.95761 0.068171 0 1.502035 4.355815 0 0 9.58E-006 0.012606
496 5.207486 0.001401 32.829177 0.067472 0 1.50142 4.355756 0 0 9.66E-006 0.012576
497 4.979918 9.44E-004 32.700218 0.066781 0 1.500807 4.355697 0 0 9.73E-006 0.012546
498 4.785117 9.44E-004 32.57073 0.066097 0 1.500195 4.355638 0 0 9.81E-006 0.012517
499 4.444306 2.78E-004 32.440742 0.06542 0 1.499587 4.35558 0 0 9.89E-006 0.012488
500 4.076309 8.19E-004 32.310258 0.06475 0 1.49898 4.355521 0 0 9.97E-006 0.012458
501 3.761243 0.001401 32.17924 0.064087 0 1.498376 4.355463 0 0 1.00E-005 0.012429
502 3.592187 0.001235 32.047699 0.063431 0 1.497774 4.355405 0 0 1.01E-005 0.0124
503 3.17792 0.001984 31.915694 0.062782 0 1.497175 4.355347 0 0 1.02E-005 0.012371
504 2.535366 0.001235 31.783161 0.06214 0 1.496578 4.355289 0 0 1.03E-005 0.012343
505 1.918556 0.001193 31.650135 0.061505 0 1.495984 4.355232 0 0 1.04E-005 0.012314
506 1.872647 0.002025 31.516578 0.060876 0 1.495392 4.355175 0 0 1.05E-005 0.012285
507 1.88975 0.001443 31.382537 0.060254 0 1.494803 4.355118 0 0 1.05E-005 0.012257
508 1.218389 0.002441 31.248036 0.059638 0 1.494217 4.355061 0 0 1.06E-005 0.012229
509 1.2679 0.001817 31.113012 0.059029 0 1.493633 4.355004 0 0 1.07E-005 0.0122
510 0.692139 0.001318 30.977503 0.058426 0 1.493052 4.354948 0 0 1.08E-005 0.012172
511 0.762534 0.001734 30.8415 0.05783 0 1.492474 4.354892 0 0 1.09E-005 0.012145
512 0.294796 0.001401 30.705019 0.05724 0 1.491898 4.354836 0 0 1.10E-005 0.012117
513 0.398137 0.002316 30.568042 0.056655 0 1.491326 4.35478 0 0 1.11E-005 0.012089
514 0.253927 0.003023 30.430591 0.056077 0 1.490756 4.354725 0 0 1.11E-005 0.012062
515 0.223501 0.00581 30.292647 0.055505 0 1.49019 4.35467 0 0 1.12E-005 0.012035
516 0.133302 0.008887 30.154224 0.054939 0 1.489626 4.354615 0 0 1.13E-005 0.012007
517 -0.035754 0.011923 30.015365 0.054379 0 1.489066 4.35456 0 0 1.14E-005 0.01198
518 0.242765 0.017163 29.876023 0.053825 0 1.488509 4.354506 0 0 1.15E-005 0.011954
519 0.216659 0.022611 29.736199 0.053277 0 1.487955 4.354452 0 0 1.16E-005 0.011927
520 -0.06834 0.028142 29.595935 0.052734 0 1.487404 4.354398 0 0 1.17E-005 0.0119
521 0.02942 0.034422 29.455158 0.052197 0 1.486857 4.354344 0 0 1.18E-005 0.011874
522 0.055165 0.040494 29.313988 0.051665 0 1.486313 4.354291 0 0 1.19E-005 0.011848
523 0.033381 0.04798 29.172301 0.051139 0 1.485772 4.354238 0 0 1.20E-005 0.011822
524 -0.060239 0.05505 29.030181 0.050618 0 1.485234 4.354186 0 0 1.21E-005 0.011796
525 -0.307431 0.061953 28.887635 0.050103 0 1.4847 4.354134 0 0 1.22E-005 0.01177
526 -0.44822 0.068358 28.744613 0.049593 0 1.48417 4.354082 0 0 1.23E-005 0.011745
527 -0.415273 0.074971 28.601166 0.049089 0 1.483643 4.35403 0 0 1.24E-005 0.011719
528 -0.270163 0.081625 28.457251 0.048589 0 1.48312 4.353979 0 0 1.25E-005 0.011694
529 -0.062759 0.086199 28.312914 0.048095 0 1.482601 4.353928 0 0 1.26E-005 0.011669
530 -0.008748 0.093186 28.168147 0.047606 0 1.482085 4.353877 0 0 1.27E-005 0.011644
531 -0.155119 0.09984 28.022971 0.047122 0 1.481573 4.353827 0 0 1.28E-005 0.01162
532 -0.103988 0.106785 27.877332 0.046643 0 1.481065 4.353777 0 0 1.29E-005 0.011595
533 0.052285 0.113564 27.731263 0.046168 0 1.48056 4.353727 0 0 1.30E-005 0.011571
534 0.02906 0.117973 27.584794 0.045699 0 1.48006 4.353678 0 0 1.31E-005 0.011547
535 -0.032333 0.123712 27.437902 0.045235 0 1.479563 4.353629 0 0 1.32E-005 0.011523
536 -0.001907 0.129409 27.290562 0.044775 0 1.479071 4.35358 0 0 1.33E-005 0.011499
537 -0.296268 0.133527 27.142856 0.04432 0 1.478583 4.353532 0 0 1.34E-005 0.011476
538 -0.015229 0.139099 26.994737 0.04387 0 1.478098 4.353485 0 0 1.35E-005 0.011452
539 0.016997 0.144256 26.846226 0.043424 0 1.477618 4.353437 0 0 1.36E-005 0.011429
540 -0.085624 0.150287 26.697254 0.042983 0 1.477142 4.35339 0 0 1.38E-005 0.011406
541 0.081451 0.15536 26.547925 0.042546 0 1.476671 4.353344 0 0 1.39E-005 0.011384
542 -0.165381 0.1606 26.398204 0.042114 0 1.476203 4.353297 0 0 1.40E-005 0.011361
543 0.048684 0.163927 26.248083 0.041686 0 1.47574 4.353252 0 0 1.41E-005 0.011339
544 0.199916 0.16792 26.097618 0.041263 0 1.475282 4.353206 0 0 1.42E-005 0.011317
545 0.208918 0.173243 25.946709 0.040843 0 1.474827 4.353161 0 0 1.43E-005 0.011295
546 0.425683 0.177236 25.79546 0.040428 0 1.474378 4.353117 0 0 1.45E-005 0.011274
547 0.065428 0.182892 25.643817 0.040018 0 1.473933 4.353073 0 0 1.46E-005 0.011252
548 0.150946 0.188256 25.491799 0.039611 0 1.473492 4.353029 0 0 1.47E-005 0.011231
549 -0.145757 0.193704 25.339443 0.039209 0 1.473056 4.352986 0 0 1.48E-005 0.01121
550 -0.060239 0.199984 25.186699 0.038811 0 1.472625 4.352943 0 0 1.50E-005 0.011189
551 0.141944 0.204808 25.033635 0.038416 0 1.472199 4.352901 0 0 1.51E-005 0.011169
552 0.071549 0.208967 24.880182 0.038026 0 1.471777 4.352859 0 0 1.52E-005 0.011149
553 0.12466 0.212377 24.726362 0.03764 0 1.471361 4.352818 0 0 1.53E-005 0.011129
554 -0.046916 0.215413 24.572234 0.037257 0 1.470949 4.352777 0 0 1.55E-005 0.011109
555 0.071909 0.219406 24.417776 0.036879 0 1.470542 4.352737 0 0 1.56E-005 0.01109
556 -0.040075 0.222774 24.262956 0.036504 0 1.470141 4.352697 0 0 1.57E-005 0.01107
557 0.040582 0.22789 24.10777 0.036133 0 1.469744 4.352658 0 0 1.59E-005 0.011051
558 0.094234 0.231758 23.952328 0.035765 0 1.469352 4.352619 0 0 1.60E-005 0.011032
559 -0.06492 0.235833 23.796471 0.035401 0 1.468966 4.35258 0 0 1.61E-005 0.011014
560 0.048684 0.240325 23.640369 0.035041 0 1.468585 4.352542 0 0 1.63E-005 0.010996
561 -0.173122 0.242737 23.483922 0.034685 0 1.468209 4.352505 0 0 1.64E-005 0.010978
562 -0.278264 0.247561 23.327167 0.034332 0 1.467839 4.352468 0 0 1.66E-005 0.01096
563 -0.174923 0.251678 23.170135 0.033983 0 1.467474 4.352432 0 0 1.67E-005 0.010942
564 -0.130273 0.255837 23.012745 0.033637 0 1.467114 4.352396 0 0 1.69E-005 0.010925
565 0.016097 0.26062 22.855132 0.033294 0 1.46676 4.352361 0 0 1.70E-005 0.010908
566 0.019518 0.263947 22.697185 0.032955 0 1.466412 4.352327 0 0 1.72E-005 0.010892
567 -0.06762 0.267565 22.538959 0.032619 0 1.466069 4.352292 0 0 1.73E-005 0.010875
568 -0.043135 0.27293 22.380452 0.032287 0 1.465732 4.352259 0 0 1.75E-005 0.010859
569 -0.25774 0.276132 22.221683 0.031958 0 1.465401 4.352226 0 0 1.76E-005 0.010843
570 -0.127573 0.280748 22.06258 0.031632 0 1.465075 4.352194 0 0 1.78E-005 0.010828
571 -0.111369 0.284117 21.903272 0.031309 0 1.464756 4.352162 0 0 1.79E-005 0.010813
572 -0.237576 0.288567 21.743707 0.030989 0 1.464442 4.352131 0 0 1.81E-005 0.010798
573 0.024739 0.291727 21.583824 0.030673 0 1.464134 4.3521 0 0 1.83E-005 0.010783
574 -0.039174 0.295013 21.42375 0.030359 0 1.463833 4.35207 0 0 1.84E-005 0.010768
575 0.026359 0.298049 21.263373 0.030049 0 1.463537 4.352041 0 0 1.86E-005 0.010754
576 0.277152 0.299338 21.102808 0.029742 0 1.463248 4.352012 0 0 1.88E-005 0.010741
577 0.263469 0.30279 20.942009 0.029437 0 1.462965 4.351984 0 0 1.89E-005 0.010727
578 0.069388 0.304828 20.780965 0.029136 0 1.462689 4.351957 0 0 1.91E-005 0.010714
579 -0.244777 0.309194 20.619704 0.028837 0 1.462419 4.35193 0 0 1.93E-005 0.010701
580 0.154366 0.313353 20.458205 0.028542 0 1.462155 4.351904 0 0 1.95E-005 0.010689
581 0.406779 0.316971 20.296488 0.028249 0 1.461898 4.351878 0 0 1.96E-005 0.010676
582 0.345386 0.32192 20.134613 0.027959 0 1.461647 4.351854 0 0 1.98E-005 0.010664
583 0.1234 0.323293 19.972463 0.027672 0 1.461403 4.35183 0 0 2.00E-005 0.010653
584 0.204597 0.326246 19.810172 0.027387 0 1.461166 4.351806 0 0 2.02E-005 0.010642
585 0.150946 0.328866 19.647671 0.027106 0 1.460936 4.351783 0 0 2.04E-005 0.010631
586 -0.155479 0.330779 19.484971 0.026827 0 1.460712 4.351761 0 0 2.06E-005 0.01062
587 -0.059879 0.332276 19.322152 0.02655 0 1.460496 4.35174 0 0 2.08E-005 0.01061
588 0.058586 0.332983 19.159075 0.026276 0 1.460287 4.351719 0 0 2.10E-005 0.0106
589 -0.295908 0.335644 18.995884 0.026005 0 1.460085 4.3517 0 0 2.12E-005 0.01059
590 -0.060239 0.338389 18.832501 0.025736 0 1.459889 4.35168 0 0 2.14E-005 0.010581
591 0.335484 0.341508 18.669016 0.02547 0 1.459702 4.351662 0 0 2.16E-005 0.010572
592 0.114038 0.344919 18.505378 0.025207 0 1.459521 4.351644 0 0 2.18E-005 0.010564
593 0.049584 0.347206 18.341557 0.024945 0 1.459349 4.351628 0 0 2.20E-005 0.010556
594 0.325582 0.350283 18.177594 0.024687 0 1.459183 4.351612 0 0 2.22E-005 0.010548
595 0.131681 0.351864 18.013552 0.02443 0 1.459025 4.351596 0 0 2.24E-005 0.010541
596 0.245825 0.354817 17.849351 0.024176 0 1.458875 4.351582 0 0 2.27E-005 0.010534
597 0.45917 0.358767 17.685085 0.023924 0 1.458733 4.351568 0 0 2.29E-005 0.010527
598 -0.002807 0.360764 17.520702 0.023675 0 1.458599 4.351555 0 0 2.31E-005 0.010521
599 -0.059879 0.364715 17.356168 0.023428 0 1.458473 4.351543 0 0 2.34E-005 0.010515
600 0.188213 0.367168 17.191528 0.023183 0 1.458354 4.351532 0 0 2.36E-005 0.01051
601 0.013937 0.369705 17.026849 0.02294 0 1.458244 4.351522 0 0 2.38E-005 0.010504
602 -0.071401 0.372284 16.86214 0.0227 0 1.458142 4.351512 0 0 2.41E-005 0.0105
603 -0.278264 0.373365 16.697222 0.022462 0 1.458049 4.351503 0 0 2.43E-005 0.010496
604 -0.178704 0.375611 16.532317 0.022225 0 1.457964 4.351496 0 0 2.46E-005 0.010492
605 -0.171502 0.375112 16.367395 0.021991 0 1.457888 4.351489 0 0 2.48E-005 0.010488
606 -0.253059 0.376858 16.202396 0.021759 0 1.45782 4.351483 0 0 2.51E-005 0.010485
607 -0.383407 0.380476 16.037305 0.021529 0 1.457761 4.351478 0 0 2.54E-005 0.010483
608 -0.232895 0.38318 15.872245 0.021302 0 1.457711 4.351473 0 0 2.56E-005 0.010481
609 -0.073201 0.386174 15.707138 0.021076 0 1.45767 4.35147 0 0 2.59E-005 0.010479
610 0.279673 0.388045 15.541942 0.020852 0 1.457638 4.351468 0 0 2.62E-005 0.010478
611 0.250146 0.390458 15.376816 0.02063 0 1.457615 4.351467 0 0 2.65E-005 0.010477
612 0.185693 0.392786 15.211647 0.02041 0 1.457602 4.351466 0 0 2.68E-005 0.010477
613 0.160307 0.394866 15.046523 0.020192 0 1.457598 4.351467 0 0 2.70E-005 0.010477
614 -0.055198 0.397777 14.881389 0.019975 0 1.457604 4.351468 0 0 2.73E-005 0.010477
615 0.088652 0.399565 14.716254 0.019761 0 1.45762 4.351471 0 0 2.76E-005 0.010478
616 -0.365403 0.402061 14.551099 0.019548 0 1.457645 4.351475 0 0 2.80E-005 0.01048
617 0.024379 0.404182 14.386036 0.019337 0 1.45768 4.351479 0 0 2.83E-005 0.010482
618 -0.347399 0.405887 14.221098 0.019128 0 1.457726 4.351485 0 0 2.86E-005 0.010484
619 -0.145217 0.408465 14.05608 0.018921 0 1.457781 4.351492 0 0 2.89E-005 0.010487
620 -0.296808 0.409838 13.891191 0.018715 0 1.457848 4.3515 0 0 2.92E-005 0.010491
621 -0.220832 0.412666 13.726442 0.018511 0 1.457924 4.351509 0 0 2.96E-005 0.010495
622 0.086132 0.414121 13.561639 0.018309 0 1.458012 4.351519 0 0 2.99E-005 0.0105
623 0.009256 0.415993 13.397016 0.018108 0 1.45811 4.35153 0 0 3.03E-005 0.010505
624 -0.183385 0.417573 13.232447 0.017909 0 1.458219 4.351542 0 0 3.06E-005 0.01051
625 -0.165381 0.418862 13.068078 0.017712 0 1.458339 4.351556 0 0 3.10E-005 0.010517
626 -0.25594 0.420318 12.903804 0.017516 0 1.458471 4.351571 0 0 3.14E-005 0.010523
627 -0.022071 0.42194 12.739508 0.017321 0 1.458614 4.351586 0 0 3.17E-005 0.010531
628 0.226921 0.423853 12.575585 0.017128 0 1.458769 4.351604 0 0 3.21E-005 0.010538
629 0.578895 0.427055 12.411659 0.016937 0 1.458936 4.351622 0 0 3.25E-005 0.010547
630 -0.371524 0.428552 12.24798 0.016747 0 1.459114 4.351641 0 0 3.29E-005 0.010556
631 -0.098407 0.430715 12.084347 0.016559 0 1.459305 4.351662 0 0 3.33E-005 0.010565
632 0.130781 0.432961 11.921011 0.016372 0 1.459509 4.351684 0 0 3.38E-005 0.010576
633 0.727787 0.434208 11.757833 0.016186 0 1.459724 4.351708 0 0 3.42E-005 0.010586
634 0.217019 0.436038 11.594862 0.016002 0 1.459953 4.351732 0 0 3.46E-005 0.010598
635 2.54E-004 0.437036 11.43212 0.015819 0 1.460195 4.351758 0 0 3.51E-005 0.01061
636 -0.021711 0.43949 11.269569 0.015637 0 1.460449 4.351786 0 0 3.55E-005 0.010623
637 0.118359 0.441444 11.107275 0.015457 0 1.460717 4.351814 0 0 3.60E-005 0.010636
638 -0.092466 0.443565 10.945201 0.015278 0 1.460999 4.351844 0 0 3.65E-005 0.01065
639 0.207117 0.445811 10.783418 0.0151 0 1.461295 4.351876 0 0 3.69E-005 0.010665
640 0.254287 0.445936 10.621936 0.014923 0 1.461604 4.351909 0 0 3.74E-005 0.01068
641 -0.140176 0.448182 10.460731 0.014748 0 1.461928 4.351944 0 0 3.79E-005 0.010696
642 0.040582 0.44997 10.29974 0.014573 0 1.462267 4.351979 0 0 3.85E-005 0.010713
643 0.096394 0.452216 10.139198 0.0144 0 1.46262 4.352017 0 0 3.90E-005 0.010731
644 0.026359 0.454462 9.978879 0.014228 0 1.462988 4.352056 0 0 3.95E-005 0.010749
645 -0.030172 0.455501 9.818922 0.014057 0 1.463371 4.352097 0 0 4.01E-005 0.010768
646 0.102875 0.457664 9.65923 0.013887 0 1.463771 4.352139 0 0 4.07E-005 0.010788
