0 93.419602 0
1 92.690622 0
2 92.92417 0
3 92.369278 0
4 91.59801 0
5 90.323153 0
6 90.160442 0
7 88.418917 0
8 86.722686 0
9 86.145469 0
10 88.185369 0
11 87.914255 0
12 87.931213 0
13 87.657309 0
14 85.323541 0
15 84.308636 0
16 84.873617 0
17 83.832738 0
18 82.808173 0
19 81.586551 0
20 80.84276 0
21 79.957508 0
22 80.675541 0
23 80.133957 0
24 80.624881 0
25 80.513688 0
26 80.111418 0
27 79.385228 0
28 77.966121 0
29 78.387281 0
30 78.02966 0
31 76.217298 0
32 75.385067 0
33 76.182094 0
34 75.724442 0
35 74.960901 0
36 74.578165 0
37 74.197361 0
38 73.901562 0
39 73.092943 0
40 72.802725 0
41 70.780212 0
42 70.6497 0
43 70.925536 0
44 70.934122 0
45 70.473036 0
46 69.909987 0
47 68.971929 0
48 67.284498 0
49 65.542974 0
50 64.522487 0
51 63.870998 0.089163
52 63.97382 0.214352
53 64.40421 0.355778
54 64.258457 0.497951
55 64.446283 0.596404
56 64.238494 0.681791
57 64.334661 0.759014
58 64.165725 0.826904
59 64.472901 0.893488
60 64.622733 0.965624
61 64.193845 1.031835
62 63.138584 1.093753
63 62.762931 1.148811
64 63.117118 1.213856
65 62.406813 1.279553
66 61.890988 1.343384
67 62.575749 1.401055
68 62.40531 1.467406
69 62.085898 1.535716
70 61.084302 1.595628
71 62.063359 1.651433
72 62.472283 1.71755
73 61.674827 1.781335
74 61.376022 1.845679
75 61.314201 1.913756
76 61.322358 1.976373
77 61.63812 2.041184
78 62.007548 2.108515
79 61.997888 2.163573
80 61.856643 2.23081
81 61.860077 2.296414
82 61.620733 2.363465
83 61.344253 2.433222
84 61.438917 2.505498
85 61.594545 2.568442
86 60.869858 2.636053
87 60.507085 2.700583
88 60.036768 2.761708
89 60.477247 2.830018
90 60.809539 2.900428
91 60.762958 2.970185
92 60.88424 3.037189
93 60.829931 3.111191
94 60.81469 3.177682
95 60.125207 3.239646
96 60.437965 3.301751
97 60.283411 3.373421
98 59.935878 3.444111
99 60.123275 3.509901
100 60.015731 3.577045
101 59.552069 3.644235
102 59.098496 3.712079
103 59.001255 3.768258
104 58.428117 3.829149
105 58.74345 3.897226
106 59.113951 3.958491
107 57.986994 4.021528
108 58.477703 4.085452
109 58.76234 4.147044
110 58.742377 4.206535
111 58.903156 4.26878
112 58.947161 4.322159
113 58.964549 4.37955
114 58.519132 4.437875
115 58.505823 4.493074
116 58.527933 4.551119
117 58.2126 4.611497
118 58.422965 4.678314
119 58.35084 4.75367
120 58.119009 4.824174
121 57.1846 4.901536
122 57.130292 4.966627
123 57.12514 5.025232
124 57.530415 5.080384
125 57.660927 5.134976
126 56.876351 5.188495
127 56.666629 5.238468
128 57.151328 5.283401
129 56.373406 5.335101
130 56.246972 5.383114
131 56.258778 5.427394
132 56.452615 5.475081
133 56.680797 5.521927
134 56.487389 5.568447
135 55.523787 5.615574
136 54.745865 5.654162
137 55.511981 5.695876
138 56.258134 5.744636
139 55.297537 5.792975
140 55.466473 5.836416
141 55.347767 5.87869
142 55.344118 5.920171
143 54.916304 5.962538
144 54.746938 6.001639
145 55.287234 6.040413
146 55.580028 6.078861
147 54.55396 6.116982
148 54.527772 6.15543
149 55.140407 6.190705
150 55.224768 6.22556
151 54.683399 6.260182
152 54.690054 6.287665
153 54.590667 6.322427
154 54.292291 6.354482
155 54.719247 6.386817
156 54.531421 6.419619
157 53.960644 6.450135
158 54.022251 6.478878
159 54.150617 6.506314
160 54.362485 6.532303
161 54.307317 6.554233
162 54.23047 6.583163
163 54.460154 6.607379
164 54.349605 6.631409
165 54.009371 6.655252
166 53.949052 6.676903
167 54.062177 6.696686
168 54.025685 6.71703
169 53.688028 6.742087
170 53.547212 6.775822
171 53.069167 6.819076
172 53.621913 6.85967
173 53.512437 6.895691
174 53.314951 6.925974
175 52.869535 6.951777
176 53.171559 6.973987
177 53.137214 6.99671
178 52.797409 7.019247
179 52.667541 7.041364
180 52.550767 7.065534
181 52.837336 7.084524
182 52.867603 7.102675
183 52.348129 7.120406
184 52.383977 7.135057
185 52.357789 7.147795
186 51.604552 7.159694
187 51.457511 7.169539
188 51.318841 7.177378
189 51.427459 7.182977
190 51.786582 7.189556
191 51.789158 7.197302
192 51.8132 7.20752
193 51.430893 7.216619
194 51.467385 7.228191
195 51.36349 7.241862
196 51.60863 7.25306
197 51.947791 7.265705
198 51.390967 7.278723
199 50.604458 7.290948
200 50.685814 7.30182
201 50.816755 7.309192
202 51.353187 7.319924
203 50.968304 7.343767
204 50.586641 7.381095
205 50.641809 7.420756
206 50.496055 7.458504
207 50.179649 7.487154
208 49.973362 7.503298
209 49.846928 7.51501
210 50.422857 7.526768
211 50.263151 7.53848
212 49.946744 7.547952
213 49.984739 7.560223
214 48.879247 7.571002
215 48.655144 7.58136
216 49.079738 7.591719
217 49.271214 7.599698
218 49.382407 7.60469
219 49.633128 7.609683
220 49.261984 7.613696
221 49.262628 7.617568
222 49.06965 7.620555
223 48.838892 7.622281
224 48.763546 7.623774
225 49.176549 7.622234
226 48.767196 7.618968
227 48.529569 7.614162
228 49.021566 7.607163
229 48.762044 7.602264
230 48.532789 7.597505
231 48.551249 7.593818
232 47.794793 7.591719
233 47.891389 7.589992
234 48.116136 7.588499
235 47.816688 7.587893
236 47.006567 7.588359
237 47.376638 7.589339
238 47.773327 7.590412
239 47.5767 7.590366
240 47.628862 7.590459
241 47.818834 7.590366
242 46.930363 7.590832
243 47.17078 7.592279
244 47.420213 7.593865
245 47.146309 7.595078
246 47.139225 7.596245
247 47.17078 7.597411
248 47.235392 7.599231
249 47.176576 7.602077
250 46.963635 7.611176
251 46.545909 7.644398
252 46.292612 7.694977
253 46.528093 7.742011
254 46.767008 7.785544
255 46.437936 7.809014
256 46.421622 7.81522
257 46.402088 7.818253
258 46.552564 7.820819
259 46.587338 7.821473
260 45.121221 7.821659
261 45.438915 7.822032
262 45.213309 7.822779
263 45.185189 7.824366
264 45.657438 7.826325
265 46.109938 7.827958
266 46.386203 7.829731
267 46.481082 7.829311
268 45.39491 7.827538
269 45.827018 7.825112
270 46.209325 7.821006
271 45.659155 7.817553
272 45.762406 7.814054
273 45.664092 7.809854
274 45.87596 7.805888
275 44.941552 7.800709
276 45.539805 7.794736
277 45.230697 7.788717
278 45.169304 7.784798
279 45.490648 7.779479
280 44.683103 7.772806
281 44.926096 7.765574
282 45.289513 7.757595
283 45.365287 7.753862
284 44.660134 7.757222
285 44.152252 7.7687
286 43.632349 7.781298
287 44.201409 7.793617
288 44.669365 7.800382
289 43.865254 7.799356
290 44.107818 7.795996
291 44.351455 7.791703
292 44.371848 7.786898
293 43.9333 7.782418
294 43.9333 7.775512
295 43.332901 7.766927
296 43.789479 7.757642
297 43.582763 7.74873
298 43.769087 7.739351
299 44.10932 7.731139
300 43.571386 7.722227
301 43.597145 7.712288
302 43.549062 7.700763
303 43.085829 7.689331
304 42.299749 7.678133
305 42.587821 7.666468
306 43.144216 7.65513
307 43.568381 7.646871
308 43.53468 7.639499
309 43.37755 7.631146
310 42.714684 7.623448
311 42.658444 7.615795
312 42.920542 7.608423
313 42.964547 7.603617
314 43.15087 7.598671
315 42.813427 7.593585
316 43.060284 7.588406
317 42.79561 7.582713
318 42.369728 7.576321
319 42.724558 7.570722
320 42.484355 7.564049
321 42.313487 7.557097
322 42.183619 7.551124
323 41.908212 7.546132
324 41.948568 7.543146
325 42.509471 7.538293
326 42.683988 7.532554
327 42.495732 7.527468
328 41.93118 7.522755
329 41.559607 7.519069
330 41.381011 7.516736
331 41.26853 7.516083
332 41.262734 7.51599
333 41.244917 7.51571
334 40.995699 7.51473
335 41.37543 7.512117
336 41.832867 7.507637
337 41.094442 7.501992
338 41.006861 7.494806
339 41.07963 7.488133
340 41.185027 7.483607
341 41.204991 7.478475
342 41.104745 7.473902
343 41.041636 7.469749
344 41.428665 7.467136
345 41.29343 7.466063
346 41.534492 7.46401
347 41.354822 7.459951
348 41.467089 7.455565
349 41.21465 7.449826
350 40.787265 7.443387
351 40.987542 7.438114
352 41.289995 7.432515
353 41.201985 7.426729
354 41.201985 7.420756
355 40.914772 7.414457
356 40.155311 7.408951
357 39.643994 7.402746
358 40.013636 7.3978
359 40.427068 7.3943
360 40.532036 7.389308
361 40.250404 7.383802
362 40.697753 7.378063
363 40.603088 7.372417
364 40.502843 7.366817
365 40.402597 7.362805
366 40.473649 7.355432
367 40.310938 7.34764
368 40.566811 7.340501
369 40.471073 7.333362
370 39.781805 7.325523
371 39.691648 7.317638
372 39.442859 7.309939
373 39.196646 7.303966
374 39.308268 7.296408
375 40.042186 7.287542
376 39.524858 7.279657
377 39.041233 7.275084
378 38.99916 7.273777
379 39.533016 7.264259
380 39.268342 7.25544
381 39.407011 7.247974
382 39.264692 7.239809
383 39.894715 7.233277
384 39.900511 7.227957
385 39.85071 7.223198
386 39.574874 7.217645
387 39.189991 7.2106
388 39.093395 7.203227
389 39.203944 7.196415
390 39.301614 7.189743
391 38.946354 7.18461
392 39.426545 7.180597
393 39.510906 7.176725
394 39.468403 7.172292
395 39.112285 7.167533
396 38.594958 7.1631
397 38.667083 7.158994
398 38.812407 7.153395
399 39.111212 7.147889
400 39.063128 7.143409
401 38.880883 7.139677
402 38.551382 7.136644
403 37.954202 7.134217
404 38.281127 7.133564
405 38.826145 7.136037
406 38.470027 7.147982
407 38.694559 7.164453
408 38.792444 7.179711
409 38.097379 7.187783
410 38.625654 7.185263
411 38.515963 7.173178
412 38.085573 7.162353
413 38.555461 7.153068
414 38.779135 7.140096
415 38.613848 7.130111
416 38.600539 7.118913
417 38.064107 7.106828
418 37.763156 7.096796
419 37.067662 7.086624
420 37.581984 7.076686
421 37.749418 7.0688
422 37.625131 7.059375
423 37.826266 7.049063
424 37.039113 7.042297
425 37.8297 7.036278
426 37.843009 7.029886
427 38.344022 7.02256
428 38.126573 7.015654
429 37.977171 7.005996
430 38.017526 6.995684
431 37.456194 6.984859
432 37.508356 6.972914
433 37.669136 6.962135
434 37.467357 6.951497
435 37.112741 6.942071
436 37.086123 6.933066
437 37.310227 6.924761
438 37.461346 6.916922
439 37.021725 6.907216
440 37.197101 6.896625
441 37.5749 6.887013
442 37.434085 6.876654
443 36.907956 6.866529
444 36.940155 6.855657
445 37.052422 6.844972
446 36.995966 6.83606
447 36.800627 6.827568
448 36.881983 6.817116
449 36.397284 6.806197
450 36.189924 6.795372
451 36.874255 6.78576
452 37.137212 6.776848
453 36.969993 6.767423
454 36.958616 6.759817
455 36.803203 6.752258
456 36.136688 6.746706
457 35.980202 6.741853
458 36.013904 6.736067
459 36.314855 6.727995
460 36.096333 6.718617
461 36.212034 6.707792
462 36.128102 6.699066
463 36.305195 6.688428
464 36.279007 6.678536
465 35.774989 6.667337
466 35.963674 6.657632
467 36.278578 6.64816
468 36.287808 6.636962
469 35.857847 6.62609
470 36.11372 6.616058
471 36.023134 6.605513
472 35.720251 6.596927
473 36.286091 6.587735
474 36.479713 6.57677
475 36.265269 6.566085
476 36.438713 6.553254
477 36.143987 6.539815
478 35.974621 6.53165
479 36.080877 6.525398
480 35.77091 6.519658
481 35.958093 6.510093
482 36.162877 6.494602
483 35.981705 6.472392
484 36.185416 6.451115
485 36.436566 6.433291
486 36.730434 6.420879
487 35.763612 6.409961
488 34.552723 6.397502
489 34.72123 6.385418
490 35.099458 6.373426
491 35.291792 6.362507
492 35.441839 6.354995
493 35.601974 6.346363
494 35.882318 6.335631
495 35.4852 6.324993
496 35.359839 6.312301
497 35.451928 6.30003
498 35.203782 6.288271
499 34.705775 6.277353
500 34.961218 6.267274
501 35.121783 6.257569
502 34.795931 6.249637
503 34.958213 6.241751
504 35.304028 6.230506
505 35.756957 6.218001
506 35.989862 6.201344
507 35.846041 6.181933
508 35.522121 6.164669
509 35.430462 6.147731
510 35.354258 6.134247
511 34.842942 6.124448
512 35.096883 6.116329
513 35.079495 6.105038
514 35.135736 6.092719
515 34.293201 6.080168
516 34.420708 6.068036
517 34.662199 6.058378
518 34.253275 6.048346
519 33.94524 6.038034
520 35.025616 6.027629
521 35.059532 6.016104
522 34.400316 6.003179
523 34.514943 5.989227
524 34.935674 5.975836
525 34.698047 5.962445
526 34.371122 5.94868
527 34.374771 5.937668
528 34.636655 5.927216
529 34.114605 5.915971
530 34.011784 5.906126
531 34.470294 5.895441
532 34.131563 5.883542
533 34.406326 5.873511
534 34.423713 5.860492
535 34.274955 5.849621
536 34.070171 5.838376
537 33.431347 5.825451
538 33.230856 5.812666
539 34.01071 5.799274
540 34.174495 5.786256
541 33.771366 5.774451
542 33.997402 5.761713
543 34.019511 5.749255
544 33.444227 5.736983
545 33.12181 5.724898
546 33.4043 5.712534
547 33.434996 5.700122
548 33.907889 5.688224
549 33.814727 5.674039
550 33.471274 5.659948
551 33.674985 5.645156
552 33.611016 5.635031
553 32.972407 5.622993
554 33.921198 5.611048
555 33.748827 5.600223
556 33.808717 5.585992
557 33.158731 5.57498
558 32.755817 5.564621
559 32.658147 5.55221
560 33.420185 5.542364
561 33.289243 5.52888
562 33.592126 5.515722
563 34.020585 5.503263
564 33.92592 5.490105
565 33.694948 5.477647
566 33.768146 5.464536
567 34.022087 5.452964
568 33.802921 5.439059
569 33.575812 5.424968
570 33.402368 5.409757
571 33.406447 5.398465
572 33.427269 5.389273
573 33.321871 5.378588
574 33.114082 5.369116
575 33.413101 5.359037
576 33.582896 5.350219
577 33.313285 5.340607
578 32.620367 5.330948
579 33.038951 5.318023
580 33.249746 5.304912
581 32.937633 5.291894
582 32.671885 5.277569
583 33.087464 5.264971
584 32.718466 5.255499
585 32.702581 5.24584
586 32.763544 5.234688
587 32.522054 5.223303
588 32.767623 5.211685
589 32.782434 5.199553
590 32.198134 5.188868
591 32.078354 5.176783
592 31.788565 5.165258
593 32.065046 5.157279
594 32.57121 5.143421
595 32.804544 5.129423
596 33.216045 5.116405
597 33.247814 5.101427
598 32.827513 5.088503
599 32.455509 5.075718
600 32.422667 5.062793
601 32.36428 5.050988
602 32.358698 5.03587
603 32.485562 5.021499
604 32.211872 5.009274
605 32.770628 4.998075
606 32.613713 4.985617
607 32.587954 4.974186
608 32.642692 4.963827
609 32.49286 4.952442
610 32.035852 4.942083
611 32.111627 4.931492
612 32.022973 4.920667
613 32.191479 4.910915
614 31.764094 4.899296
615 31.56897 4.888611
616 31.667927 4.877786
617 32.033276 4.869154
618 32.198134 4.859075
619 32.546095 4.849603
620 32.04959 4.838685
621 31.957931 4.827673
622 32.025548 4.816428
623 32.097674 4.805976
624 31.695404 4.796971
625 31.90534 4.786426
626 31.788565 4.774714
627 31.90169 4.763002
628 32.069124 4.753157
629 31.358175 4.745318
630 30.819812 4.736639
631 31.577771 4.726654
632 31.780408 4.716669
633 31.598807 4.707244
634 31.359248 4.696139
635 31.680163 4.686433
636 31.4713 4.676915
637 31.54042 4.666463
638 32.0717 4.656478
639 31.914999 4.646026
640 31.808099 4.635014
641 31.819906 4.627222
642 31.48418 4.617283
643 31.508651 4.606925
644 30.762498 4.597173
645 30.577677 4.586581
646 30.944743 4.576502
647 31.090496 4.565304
648 31.199113 4.552052
649 31.073538 4.542114
650 31.538918 4.532035
651 31.459065 4.520837
652 31.206626 4.511132
653 31.212851 4.502033
654 30.970287 4.492794
655 30.985099 4.484722
656 31.453483 4.477443
657 31.466792 4.470397
658 30.830544 4.464145
659 30.766576 4.455373
660 30.674488 4.447534
661 30.776236 4.440162
662 30.85566 4.430317
663 30.899665 4.420611
664 30.618247 4.411326
665 29.980926 4.401901
666 30.048973 4.393828
667 30.460473 4.38403
668 30.397578 4.371758
669 30.502976 4.359067
670 30.677064 4.347775
671 30.838701 4.336063
672 30.596567 4.323605
673 30.531096 4.31334
674 30.920057 4.304988
675 30.890864 4.296402
676 30.890864 4.28651
677 31.175071 4.275732
678 31.178506 4.264673
679 30.421191 4.254735
680 30.177553 4.243863
681 29.944219 4.232898
682 30.221558 4.224126
683 30.457897 4.214421
684 30.275867 4.205462
685 30.184208 4.19697
686 30.517358 4.188851
687 30.033732 4.195243
688 29.681477 4.212601
689 30.083747 4.232851
690 30.013769 4.253942
691 30.021926 4.26472
692 30.34327 4.260054
693 30.075161 4.244096
694 30.149433 4.225479
695 30.196443 4.207188
696 30.104355 4.188804
697 29.069486 4.176579
698 29.513185 4.167201
699 29.817786 4.158522
700 29.776356 4.149657
701 29.74244 4.138925
702 29.986507 4.127026
703 30.085894 4.115875
704 29.837105 4.104023
705 30.142779 4.091098
706 29.641122 4.079807
707 29.256883 4.071501
708 29.310977 4.061749
709 29.172951 4.053024
710 29.64842 4.043738
711 29.783011 4.034126
712 29.64842 4.025868
713 29.513185 4.017422
714 29.647347 4.007577
715 29.98758 4.000111
716 29.679116 3.990966
717 29.886906 3.980514
718 29.56685 3.971649
719 29.665807 3.964696
720 29.794173 3.955598
721 29.298312 3.947525
722 29.054675 3.9388
723 29.603342 3.931521
724 30.106931 3.921582
725 30.035235 3.912064
726 29.628457 3.904272
727 29.270192 3.894893
728 28.351453 3.885841
729 28.638666 3.881128
730 28.914932 3.885841
731 28.704996 3.900865
732 28.701561 3.91715
733 29.487211 3.934181
734 29.215454 3.94216
735 29.415516 3.940386
736 29.110486 3.934461
737 29.491719 3.927882
738 29.608923 3.921023
739 29.539803 3.91519
740 29.723121 3.911317
741 29.237349 3.906325
742 29.311621 3.896853
743 29.276202 3.888314
744 28.90012 3.879915
745 29.280281 3.871003
746 29.299385 3.861624
747 29.149768 3.853226
748 29.193773 3.845247
749 28.964518 3.837128
750 28.90012 3.829196
751 27.880063 3.822197
752 28.195396 3.814638
753 28.820267 3.807172
754 28.600242 3.798307
755 28.898618 3.790514
756 29.086444 3.781836
757 29.158999 3.77297
758 28.78399 3.765411
759 28.542929 3.757573
760 28.302296 3.749454
761 28.163198 3.740495
762 28.484971 3.734009
763 28.957434 3.726684
764 28.823917 3.719545
765 28.987057 3.711472
766 27.978806 3.703774
767 27.657462 3.695748
768 27.735169 3.686603
769 28.117046 3.678484
770 28.78399 3.670412
771 28.278255 3.662526
772 28.364762 3.655294
773 28.514808 3.648341
774 28.464578 3.640363
775 27.952188 3.632804
776 28.625787 3.624871
777 28.635446 3.616006
778 28.533698 3.607607
779 28.319684 3.598882
780 27.694384 3.59123
781 28.259794 3.584091
782 27.84121 3.576018
783 27.340197 3.56706
784 27.817168 3.559081
785 27.740964 3.551149
786 27.918058 3.54275
787 28.366909 3.535378
788 28.29049 3.528799
789 28.269668 3.522406
790 28.319684 3.515547
791 28.140659 3.507848
792 28.248632 3.500942
793 28.059732 3.494737
794 27.593494 3.485825
795 27.25369 3.476586
796 27.8601 3.46996
797 28.252066 3.463101
798 28.494845 3.455309
799 28.5264 3.447937
800 28.347375 3.441404
801 27.95734 3.434965
802 27.456327 3.427453
803 28.258291 3.421107
804 28.464578 3.415461
805 28.317752 3.410795
806 28.050073 3.406736
807 28.000272 3.407436
808 27.820173 3.410889
809 27.104287 3.415648
810 26.951665 3.420547
811 27.299197 3.420827
812 27.424558 3.418448
813 27.761786 3.413035
814 28.057156 3.408416
815 28.120051 3.40235
816 28.121554 3.396237
817 28.500856 3.390732
818 28.561389 3.385366
819 27.971293 3.379393
820 27.308427 3.372674
821 27.578683 3.366748
822 27.292113 3.359329
823 26.923115 3.353357
824 27.075523 3.347151
825 27.061141 3.341739
826 27.15602 3.335346
827 27.47629 3.32942
828 27.74032 3.322935
829 26.841116 3.318875
830 27.090334 3.313743
831 27.289967 3.30735
832 27.921063 3.302451
833 28.016801 3.297225
834 27.620112 3.291392
835 27.011125 3.285653
836 26.485427 3.280054
837 26.486071 3.274595
838 26.264328 3.268482
839 26.719834 3.262883
840 26.889843 3.257704
841 27.252187 3.253644
842 27.227072 3.247859
843 27.461479 3.24142
844 27.05556 3.23512
845 27.218915 3.230314
846 27.342129 3.226115
847 27.090334 3.221356
848 26.870953 3.21683
849 26.830383 3.212164
850 26.820079 3.206098
851 26.853995 3.200452
852 27.019712 3.194013
853 27.235658 3.18804
854 27.12425 3.182021
855 27.4486 3.175629
856 27.356511 3.171243
857 26.873959 3.166484
858 27.062214 3.160978
859 26.793032 3.155985
860 26.235135 3.150666
861 26.299747 3.14586
862 26.333019 3.141101
863 26.127162 3.134848
864 26.506463 3.129715
865 26.025414 3.125423
866 26.235135 3.120943
867 26.349763 3.116184
868 26.554117 3.112405
869 26.811493 3.108019
870 27.022932 3.104752
871 26.622594 3.1006
872 26.739797 3.096074
873 27.425631 3.091174
874 27.180062 3.086602
875 27.132837 3.081702
876 27.291469 3.07699
877 26.646206 3.072697
878 26.59662 3.068591
879 26.611431 3.063178
880 26.601557 3.057626
881 26.740441 3.05212
882 26.527929 3.047547
883 26.478772 3.043581
884 26.712106 3.038262
885 26.798614 3.032243
886 26.642127 3.02795
887 26.414804 3.022257
888 26.606279 3.018711
889 26.655866 3.015445
890 26.143046 3.010779
891 26.49573 3.006346
892 25.726394 3.00196
893 25.540715 2.998088
894 25.736268 2.994681
895 25.548442 2.992162
896 25.837587 2.990435
897 26.526427 2.988896
898 26.449579 2.986236
899 26.202507 2.983576
900 25.656416 2.979657
901 25.271533 2.975971
902 25.488553 2.971771
903 25.617562 2.967619
904 25.957796 2.962859
905 25.765462 2.95908
906 25.625075 2.954694
907 25.606185 2.950541
908 25.391312 2.946062
909 25.649761 2.941582
910 25.23869 2.937756
911 25.791436 2.934677
912 25.616489 2.932717
913 26.208088 2.933977
914 26.155926 2.936963
915 25.843168 2.940322
916 25.372422 2.942749
917 25.667148 2.941629
918 25.89855 2.938689
919 25.948566 2.934303
920 25.819556 2.930011
921 25.900482 2.924365
922 25.191251 2.918812
923 25.376501 2.913213
924 25.797017 2.9085
925 25.590945 2.904768
926 25.516673 2.899682
927 25.365124 2.895949
928 25.499285 2.891376
929 25.383585 2.886897
930 25.680457 2.882511
931 25.920016 2.877891
932 25.517746 2.873925
933 24.997629 2.869119
934 25.305878 2.865573
935 25.540715 2.86156
936 25.510448 2.857034
937 25.226025 2.852695
938 25.45893 2.848636
939 25.412349 2.84383
940 25.084136 2.839164
941 25.429736 2.835664
942 25.592447 2.830951
943 25.501217 2.826939
944 25.586222 2.822319
945 25.234612 2.81756
946 25.384658 2.813454
947 25.154329 2.808881
948 24.979812 2.806128
949 25.294072 2.802535
950 25.263376 2.798569
951 25.237187 2.79507
952 25.640531 2.790731
953 25.460432 2.786718
954 25.276041 2.782285
955 25.190177 2.779019
956 25.297077 2.777479
957 24.998273 2.77314
958 25.54329 2.76922
959 25.577636 2.765721
960 25.463008 2.761381
961 25.111827 2.756949
962 24.264355 2.753962
963 24.662976 2.75023
964 25.21014 2.747243
965 25.3018 2.743791
966 25.522254 2.740058
967 24.965 2.736932
968 24.283245 2.733152
969 25.678955 2.728579
970 25.988063 2.724053
971 25.901556 2.72074
972 25.601678 2.717941
973 25.335501 2.713462
974 25.190607 2.709869
975 25.180518 2.706509
976 24.922927 2.703336
977 24.325747 2.70007
978 24.712562 2.695917
979 24.818174 2.692278
980 24.741326 2.689058
981 24.236664 2.684486
982 24.376407 2.681593
983 25.158837 2.678
984 25.092293 2.674967
985 24.649238 2.672027
986 24.794991 2.667921
987 24.830839 2.664002
988 24.694316 2.660269
989 24.219277 2.656303
990 23.875394 2.653223
991 24.393794 2.650004
992 25.162057 2.647064
993 25.026822 2.643891
994 25.224523 2.640905
995 24.866258 2.637312
996 24.288826 2.633813
997 24.787907 2.629893
998 25.113329 2.6277
999 25.138015 2.625274
1000 25.257795 2.622801
1001 24.969079 2.619955
1002 24.677358 2.616735
1003 24.711059 2.613003
1004 24.38714 2.609363
1005 24.177848 2.605724
1006 24.433291 2.600964
1007 24.601584 2.598351
1008 24.471501 2.595645
1009 24.043686 2.592052
1010 23.970488 2.588273
1011 23.835467 2.58384
1012 23.883551 2.580667
1013 24.292475 2.577214
1014 24.635285 2.573295
1015 24.457333 2.569842
1016 24.771593 2.568116
1017 24.306857 2.564756
1018 24.927006 2.561303
1019 24.958775 2.55855
1020 24.312009 2.554258
1021 24.417407 2.550851
1022 24.392721 2.547445
1023 24.027372 2.544412
1024 23.887629 2.541146
1025 23.481281 2.539746
1026 23.843195 2.537927
1027 24.192659 2.535174
1028 24.656321 2.532467
1029 24.448103 2.529341
1030 23.879902 2.526402
1031 23.713541 2.523415
1032 23.740803 2.520896
1033 23.708604 2.518236
1034 24.149083 2.514923
1035 24.514003 2.51217
1036 24.800572 2.510071
1037 24.108728 2.508857
1038 24.211549 2.507038
1039 24.592783 2.504938
1040 24.408606 2.502792
1041 24.361595 2.499945
1042 23.640987 2.497192
1043 24.436297 2.493506
1044 23.750463 2.489913
1045 23.386616 2.487114
1046 23.728567 2.484314
1047 23.950095 2.481421
1048 23.303114 2.480348
1049 23.271559 2.478622
1050 23.941294 2.475869
1051 23.978215 2.472789
1052 24.281742 2.469056
1053 24.124612 2.466024
1054 24.285821 2.462944
1055 23.6895 2.459958
1056 24.00376 2.456925
1057 23.745955 2.453985
1058 24.266287 2.452259
1059 23.993027 2.449599
1060 24.538045 2.445353
1061 24.139424 2.44092
1062 23.714615 2.436814
1063 23.730499 2.433875
1064 23.794038 2.431822
1065 23.57294 2.430655
1066 23.286371 2.429209
1067 23.729426 2.427249
1068 23.903514 2.423096
1069 24.183429 2.41829
1070 23.024702 2.413624
1071 23.123445 2.408772
1072 23.398423 2.404852
1073 23.626175 2.401399
1074 23.417742 2.397853
1075 22.856839 2.394214
1076 23.316423 2.390248
1077 23.620594 2.387728
1078 23.17067 2.384462
1079 23.357852 2.381056
1080 23.537521 2.378536
1081 23.618448 2.37597
1082 23.125592 2.373123
1083 22.848682 2.370744
1084 23.047885 2.367664
1085 22.724824 2.364678
1086 23.002163 2.361785
1087 23.337889 2.358939
1088 22.96288 2.357632
1089 22.970608 2.355953
1090 22.923383 2.353433
1091 22.590233 2.351613
1092 23.132246 2.34956
1093 23.445433 2.346994
1094 23.412805 2.345314
1095 23.434271 2.342001
1096 23.423967 2.339155
1097 23.123016 2.336075
1098 23.252455 2.333509
1099 23.043807 2.33015
1100 22.789436 2.32791
1101 23.180973 2.325204
1102 23.367726 2.322684
1103 22.935189 2.320444
1104 22.633165 2.317598
1105 22.661929 2.315312
1106 23.034576 2.313119
1107 22.986493 2.310739
1108 22.898912 2.308173
1109 23.183979 2.305886
1110 23.313847 2.303133
1111 23.206947 2.301314
1112 23.412805 2.299354
1113 23.129241 2.299541
1114 22.465302 2.298327
1115 23.093393 2.295761
1116 22.617924 2.293521
1117 22.869289 2.291795
1118 22.052299 2.289089
1119 21.9132 2.286709
1120 22.523689 2.284143
1121 23.183979 2.281157
1122 23.075361 2.278544
1123 22.675667 2.275977
1124 22.874226 2.273504
1125 23.272418 2.271405
1126 23.448438 2.270145
1127 23.255675 2.268325
1128 23.372878 2.266365
1129 23.144482 2.263519
1130 22.526909 2.261839
1131 22.306669 2.25918
1132 22.796949 2.256707
1133 23.001734 2.2547
1134 22.918875 2.252321
1135 23.419459 2.249568
1136 22.439758 2.247468
1137 22.316544 2.245555
1138 22.644542 2.243409
1139 22.786216 2.241262
1140 22.750368 2.240936
1141 22.92231 2.239163
1142 22.609767 2.237296
1143 22.816483 2.235103
1144 22.533563 2.232397
1145 22.46337 2.230764
1146 22.992074 2.228851
1147 23.396276 2.226891
1148 22.733625 2.224418
1149 22.683395 2.221992
1150 22.723322 2.220125
1151 22.653772 2.218306
1152 22.13945 2.216626
1153 22.249356 2.214806
1154 22.783211 2.21294
1155 22.516605 2.211307
1156 22.785358 2.210327
1157 22.821635 2.208647
1158 22.650552 2.206874
1159 22.106608 2.205054
1160 22.159843 2.203234
1161 22.612772 2.201508
1162 22.356899 2.199782
1163 22.023749 2.198428
1164 22.460365 2.196375
1165 22.383088 2.194416
1166 21.63672 2.192456
1167 22.067325 2.190916
1168 22.214152 2.18947
1169 22.765395 2.187837
1170 21.867693 2.186017
1171 21.367538 2.18415
1172 22.29701 2.182284
1173 22.436323 2.179951
1174 22.115409 2.177291
1175 22.103602 2.176078
1176 22.045215 2.174445
1177 22.179377 2.173372
1178 22.196764 2.170806
1179 22.129147 2.168613
1180 22.261806 2.166
1181 22.225314 2.163807
1182 21.933593 2.162267
1183 21.912556 2.16054
1184 22.263308 2.159187
1185 22.42237 2.158627
1186 22.553956 2.159234
1187 22.087288 2.162174
1188 22.429669 2.165906
1189 21.804154 2.169452
1190 21.692531 2.171646
1191 22.121419 2.170759
1192 22.08922 2.168006
1193 22.123995 2.165673
1194 22.157911 2.162593
1195 22.935189 2.160587
1196 23.043163 2.158907
1197 22.796091 2.156994
1198 22.178304 2.155175
1199 22.026325 2.152515
1200 21.878426 2.149109
1201 21.635861 2.147056
1202 21.065084 2.145096
1203 21.326753 2.143789
1204 21.899462 2.14211
1205 21.645521 2.140197
1206 21.931017 2.13735
1207 22.050367 2.135484
1208 22.04822 2.133711
1209 22.131293 2.131658
1210 21.587778 2.128905
1211 21.763154 2.126665
1212 21.86297 2.124519
1213 21.524668 2.122513
1214 21.291335 2.120973
1215 21.646594 2.118873
1216 21.777965 2.1164
1217 22.010441 2.114767
1218 21.969011 2.113834
1219 21.922431 2.111687
1220 22.114335 2.109728
1221 21.873703 2.107955
1222 21.802222 2.106601
1223 21.7565 2.105295
1224 21.811237 2.103335
1225 21.707987 2.101329
1226 21.694034 2.099369
1227 21.734604 2.097596
1228 21.501271 2.095263
1229 21.236167 2.09279
1230 20.998111 2.090644
1231 20.982656 2.088731
1232 20.757479 2.087144
1233 20.674191 2.085371
1234 20.885415 2.084998
1235 21.467999 2.083598
1236 21.519087 2.082012
1237 21.59937 2.080005
1238 21.368612 2.078279
1239 21.588207 2.076179
1240 21.452543 2.07352
1241 21.351654 2.071746
1242 21.07088 2.0696
1243 21.255057 2.067874
1244 21.172199 2.066147
1245 20.805562 2.064374
1246 20.905379 2.062881
1247 20.944876 2.060968
1248 20.991027 2.059055
1249 21.223717 2.057002
1250 21.266863 2.057328
1251 21.299062 2.056442
1252 21.157817 2.055369
1253 21.395229 2.053736
1254 21.455119 2.052289
1255 21.310868 2.051216
1256 21.839572 2.050003
1257 21.759719 2.04767
1258 21.267293 2.04529
1259 20.870604 2.042724
1260 21.292837 2.039878
1261 21.357449 2.038151
1262 21.317523 2.036052
1263 20.814363 2.034278
1264 21.444386 2.032459
1265 21.40081 2.030452
1266 21.083545 2.028586
1267 21.364533 2.027373
1268 21.333408 2.02588
1269 21.170482 2.024247
1270 20.610223 2.023267
1271 21.062509 2.021587
1272 21.551286 2.019674
1273 21.247759 2.018087
1274 21.40403 2.016221
1275 21.375266 2.015148
1276 21.501271 2.013841
1277 21.453616 2.012442
1278 21.38557 2.011462
1279 21.046624 2.009875
1280 21.063582 2.008102
1281 21.194524 2.007122
1282 20.331811 2.005956
1283 20.218042 2.004416
1284 20.791824 2.002503
1285 20.971923 2.001197
1286 21.392653 1.999423
1287 21.408967 1.99835
1288 21.05843 1.997324
1289 21.280172 1.995504
1290 20.789892 1.993404
1291 20.59949 1.991865
1292 20.195073 1.989718
1293 20.69673 1.988505
1294 20.709395 1.987338
1295 20.83218 1.985379
1296 20.925986 1.984259
1297 21.035462 1.983092
1298 20.212032 1.982393
1299 20.91053 1.981179
1300 21.000687 1.980479
1301 20.760699 1.979593
1302 20.613228 1.978193
1303 20.281152 1.9767
1304 20.114147 1.975673
1305 20.001237 1.974274
1306 21.072383 1.973154
1307 20.689432 1.971007
1308 20.947881 1.969374
1309 20.826599 1.968628
1310 20.839478 1.967695
1311 20.54003 1.966481
1312 20.669039 1.965128
1313 20.149566 1.963215
1314 20.243157 1.961489
1315 20.272995 1.959669
1316 20.642422 1.958923
1317 20.466831 1.956963
1318 20.307125 1.95617
1319 20.329664 1.954257
1320 20.393203 1.95225
1321 20.795473 1.950337
1322 20.651008 1.948237
1323 20.115221 1.946558
1324 20.074221 1.945391
1325 19.77606 1.944318
1326 19.589092 1.942685
1327 20.298968 1.940538
1328 20.485721 1.938532
1329 20.168027 1.935546
1330 19.737636 1.934706
1331 20.239722 1.933446
1332 20.059409 1.931253
1333 20.223194 1.92934
1334 20.359931 1.928127
1335 20.561496 1.926214
1336 20.666464 1.925281
1337 20.477564 1.924114
1338 20.237147 1.922621
1339 20.120372 1.920661
1340 20.138833 1.918608
1341 20.481213 1.915575
1342 20.218686 1.913429
1343 20.28523 1.910769
1344 20.377319 1.908436
1345 20.221262 1.906197
1346 20.136257 1.90377
1347 19.899274 1.901297
1348 20.398784 1.899058
1349 19.994582 1.897238
1350 19.971399 1.895652
1351 20.10921 1.894438
1352 19.559899 1.893179
1353 20.174037 1.891172
1354 20.38247 1.889306
1355 20.279005 1.886646
1356 20.035368 1.88408
1357 19.991363 1.88198
1358 19.935122 1.88002
1359 19.924818 1.877501
1360 19.488847 1.876941
1361 19.014452 1.875681
1362 19.502156 1.873675
1363 20.088174 1.871855
1364 20.716694 1.870035
1365 20.269775 1.867936
1366 20.141838 1.866629
1367 19.266246 1.865089
1368 19.92396 1.863223
1369 19.797955 1.861356
1370 19.85162 1.859257
1371 19.560972 1.857577
1372 19.380444 1.856364
1373 19.755453 1.855384
1374 20.043525 1.854124
1375 20.051252 1.853098
1376 19.975478 1.851511
1377 19.902279 1.849225
1378 20.061985 1.848525
1379 19.913012 1.848245
1380 19.698568 1.849318
1381 20.243801 1.851838
1382 19.896269 1.855524
1383 19.875662 1.86159
1384 19.641898 1.870315
1385 19.61893 1.88016
1386 19.607982 1.891685
1387 19.944782 1.901157
1388 19.836808 1.906243
1389 19.306602 1.907317
1390 19.650056 1.905777
1391 19.664867 1.904237
1392 19.548307 1.901531
1393 19.809117 1.899291
1394 19.639323 1.897191
1395 19.629019 1.893925
1396 19.349534 1.890939
1397 19.482622 1.888979
1398 19.574281 1.886833
1399 19.460727 1.885246
1400 19.445271 1.883287
1401 19.257445 1.88156
1402 19.447418 1.879554
1403 19.117273 1.877781
1404 19.399764 1.876241
1405 19.630092 1.875494
1406 19.482193 1.873348
1407 19.516538 1.870968
1408 18.935028 1.869615
1409 19.322916 1.867609
1410 19.110619 1.865882
1411 19.455146 1.864016
1412 19.673668 1.862196
1413 19.51847 1.860423
1414 18.822547 1.85851
1415 19.123498 1.856644
1416 19.246712 1.854124
1417 19.38345 1.852538
1418 19.288141 1.850391
1419 19.382376 1.847592
1420 19.515035 1.846799
1421 19.298874 1.844932
1422 19.405989 1.843206
1423 19.542512 1.842039
1424 19.279555 1.840639
1425 19.346099 1.83868
1426 19.128435 1.837233
1427 19.475538 1.83518
1428 19.612276 1.83308
1429 19.243707 1.831354
1430 19.093661 1.829254
1431 18.861829 1.827901
1432 18.736469 1.826315
1433 18.748704 1.825708
1434 18.98118 1.824122
1435 19.483695 1.823142
1436 19.4618 1.821835
1437 19.309178 1.820156
1438 19.270754 1.818383
1439 19.193477 1.816983
1440 19.19455 1.818149
1441 18.97753 1.817123
1442 19.292864 1.815396
1443 19.380874 1.813483
1444 19.017457 1.811524
1445 18.790348 1.809937
1446 18.883295 1.807977
1447 18.969373 1.807324
1448 19.127577 1.805271
1449 19.200775 1.803405
1450 18.753427 1.801212
1451 18.041405 1.799999
1452 18.297921 1.798505
1453 19.003719 1.797386
1454 19.563548 1.796499
1455 19.140242 1.794866
1456 18.651035 1.794399
1457 18.976028 1.79286
1458 19.143461 1.791506
1459 19.111048 1.79006
1460 19.232974 1.789173
1461 18.838861 1.788707
1462 18.374769 1.787867
1463 18.734966 1.787494
1464 18.698689 1.7867
1465 19.43969 1.785301
1466 18.7135 1.784321
1467 18.614113 1.783714
1468 18.224723 1.782314
1469 18.982682 1.781101
1470 19.096237 1.779468
1471 18.940824 1.778535
1472 18.558946 1.777322
1473 18.6066 1.776389
1474 18.898321 1.775549
1475 18.773819 1.774522
1476 18.974954 1.773029
1477 18.894243 1.771303
1478 18.854316 1.770323
1479 18.830704 1.76883
1480 19.266675 1.76883
1481 19.182744 1.76869
1482 19.187466 1.76827
1483 19.199702 1.766683
1484 19.062106 1.76547
1485 18.459559 1.764817
1486 17.685286 1.763977
1487 18.600375 1.76379
1488 18.689459 1.76323
1489 18.83328 1.762437
1490 18.909913 1.761317
1491 18.985687 1.759824
1492 18.901756 1.759358
1493 19.017028 1.759124
1494 19.051158 1.758285
1495 18.805589 1.758285
1496 18.765233 1.758145
1497 18.597799 1.758844
1498 18.255419 1.758238
1499 18.107519 1.758751
1500 18.096357 1.758331
1501 18.810311 1.756511
1502 19.042572 1.753992
1503 18.581485 1.752685
1504 18.90841 1.751425
1505 18.750422 1.751006
1506 18.50936 1.750492
1507 18.669925 1.748999
1508 18.626993 1.747506
1509 18.729814 1.74564
1510 18.162901 1.743867
1511 18.647386 1.741767
1512 18.261644 1.74032
1513 18.38035 1.739341
1514 18.373696 1.737288
1515 18.471366 1.735841
1516 18.5568 1.734908
1517 18.473512 1.734255
1518 18.083907 1.733275
1519 18.479093 1.731455
1520 18.463638 1.730615
1521 18.282037 1.729215
1522 18.291696 1.728142
1523 17.989887 1.726416
1524 17.930426 1.725343
1525 18.347508 1.723756
1526 18.246189 1.722636
1527 18.156247 1.722403
1528 17.896081 1.721236
1529 18.004054 1.719883
1530 18.148519 1.718484
1531 18.633647 1.718577
1532 18.846589 1.718903
1533 18.658118 1.717084
1534 18.249194 1.716011
1535 18.164404 1.714517
1536 18.174064 1.713491
1537 18.284183 1.712278
1538 18.511292 1.710785
1539 18.120399 1.708918
1540 17.79884 1.707985
1541 18.100865 1.706445
1542 18.086054 1.705279
1543 18.051279 1.704579
1544 17.767286 1.703972
1545 17.857872 1.703366
1546 18.0472 1.702246
1547 18.127053 1.699213
1548 18.376272 1.697393
1549 18.136284 1.695573
1550 18.127053 1.694407
1551 17.761061 1.693194
1552 18.167409 1.692447
1553 18.571182 1.691607
1554 18.271733 1.691234
1555 18.022515 1.691794
1556 18.136713 1.6952
1557 18.274309 1.701873
1558 18.036897 1.708172
1559 18.151095 1.713771
1560 17.991389 1.715544
1561 17.982159 1.715684
1562 17.712333 1.714704
1563 17.795835 1.713584
1564 17.950389 1.712511
1565 18.093137 1.710971
1566 17.900159 1.710411
1567 17.750328 1.710738
1568 17.766642 1.711531
1569 17.962625 1.712418
1570 17.749684 1.713538
1571 17.947813 1.713957
1572 17.797982 1.712884
1573 17.870536 1.712278
1574 17.516994 1.711298
1575 17.433062 1.710645
1576 17.637632 1.709758
1577 17.521502 1.708498
1578 17.635056 1.707378
1579 17.771793 1.707098
1580 17.583538 1.706445
1581 17.76149 1.706305
1582 17.593627 1.705792
1583 17.522146 1.705699
1584 17.797982 1.706212
1585 17.744746 1.707425
1586 17.403225 1.709198
1587 17.612088 1.710785
1588 17.768788 1.710691
1589 17.689365 1.710551
1590 17.717485 1.709571
1591 17.203807 1.708545
1592 17.082525 1.708265
1593 17.181697 1.708638
1594 17.579889 1.709805
1595 17.538889 1.710271
1596 17.245665 1.709758
1597 17.61681 1.709805
1598 17.611658 1.708872
1599 17.728218 1.707985
1600 17.451952 1.707145
1601 17.579889 1.705419
1602 17.598349 1.703786
1603 17.324016 1.703132
1604 17.257042 1.703272
1605 17.294393 1.703179
1606 17.378324 1.703366
1607 17.316288 1.702899
1608 17.06707 1.701406
1609 17.138765 1.69786
1610 17.234933 1.695667
1611 17.586114 1.69422
1612 17.850573 1.692214
1613 17.289241 1.690441
1614 17.38734 1.688621
1615 17.195435 1.687128
1616 17.283445 1.685728
1617 17.274859 1.684468
1618 17.023494 1.683628
1619 17.253393 1.681949
1620 17.384979 1.680829
1621 17.638705 1.679382
1622 17.395712 1.677563
1623 17.369094 1.675883
1624 17.122881 1.674576
1625 17.172467 1.672943
1626 16.927327 1.671264
1627 16.879243 1.669444
1628 16.986143 1.668044
1629 17.201231 1.666271
1630 16.806474 1.663751
1631 17.161734 1.661512
1632 17.186205 1.659552
1633 17.166886 1.658899
1634 17.081452 1.658805
1635 17.345911 1.658899
1636 16.968327 1.657919
1637 17.087033 1.656986
1638 17.167315 1.655912
1639 17.291817 1.653859
1640 17.220121 1.652133
1641 17.322513 1.65064
1642 17.346984 1.649847
1643 17.290744 1.647654
1644 17.511842 1.646021
1645 17.000955 1.644294
1646 16.80304 1.642054
1647 17.289241 1.640375
1648 17.254466 1.638835
1649 17.346555 1.638042
1650 17.12653 1.637715
1651 16.882249 1.635989
1652 17.186849 1.634216
1653 17.342906 1.633422
1654 17.034227 1.631836
1655 16.838244 1.630809
1656 16.967683 1.62927
1657 16.851123 1.62731
1658 16.96017 1.626143
1659 17.269278 1.62521
1660 17.105493 1.624277
1661 16.808621 1.623857
1662 16.636679 1.622597
1663 16.788228 1.621151
1664 17.232786 1.619051
1665 17.067499 1.617138
1666 16.964677 1.615458
1667 16.85005 1.613918
1668 17.11408 1.613359
1669 17.057839 1.613265
1670 16.727694 1.613172
1671 16.522052 1.612659
1672 16.677679 1.611026
1673 16.490282 1.609812
1674 16.883751 1.608366
1675 16.550601 1.606406
1676 16.137598 1.6051
1677 16.656642 1.604306
1678 17.055263 1.602953
1679 16.735851 1.601833
1680 16.853055 1.600434
1681 16.735422 1.599127
1682 16.279487 1.597587
1683 16.484701 1.596048
1684 16.709234 1.595021
1685 16.62702 1.593855
1686 16.739501 1.592781
1687 16.700647 1.591988
1688 16.369 1.590962
1689 16.292796 1.590122
1690 16.644836 1.589329
1691 15.939683 1.588395
1692 15.945264 1.587416
1693 16.682616 1.585689
1694 16.49479 1.584523
1695 16.435544 1.58303
1696 16.130085 1.58135
1697 16.442628 1.580697
1698 16.611993 1.57995
1699 16.320273 1.57953
1700 16.616716 1.579437
1701 16.672957 1.579577
1702 16.672957 1.581676
1703 16.927327 1.585829
1704 16.351613 1.590122
1705 16.59203 1.593715
1706 16.573784 1.595488
1707 16.650417 1.594648
1708 16.316194 1.593668
1709 16.5169 1.592128
1710 16.437047 1.591475
1711 16.536434 1.590542
1712 16.324995 1.590075
1713 16.010306 1.589002
1714 16.220027 1.587416
1715 16.068478 1.586669
1716 16.420733 1.585129
1717 16.34689 1.584196
1718 16.090159 1.582376
1719 16.10497 1.58065
1720 15.82849 1.57925
1721 16.294728 1.580557
1722 15.883872 1.580463
1723 15.787061 1.580323
1724 16.422235 1.578877
1725 15.905338 1.578177
1726 16.093593 1.57687
1727 16.231833 1.575424
1728 15.823338 1.574584
1729 15.777401 1.572578
1730 15.887306 1.570711
1731 15.764092 1.570105
1732 15.860689 1.568238
1733 15.978966 1.566512
1734 16.097672 1.565485
1735 15.789207 1.563806
1736 16.042934 1.563526
1737 15.993348 1.562732
1738 15.789637 1.562033
1739 16.121284 1.561146
1740 16.214875 1.5597
1741 15.851673 1.55858
1742 15.873568 1.557553
1743 15.899113 1.55676
1744 15.764522 1.55914
1745 15.576266 1.566092
1746 15.458419 1.573044
1747 15.709354 1.58023
1748 15.848453 1.585456
1749 15.669428 1.589095
1750 15.735328 1.592128
1751 15.933458 1.596281
1752 16.03585 1.599827
1753 16.22475 1.60468
1754 15.705705 1.617511
1755 15.835144 1.642848
1756 15.720087 1.680596
1757 15.535696 1.726742
1758 15.536769 1.76449
1759 15.724166 1.784974
1760 15.678658 1.7888
1761 15.632077 1.784461
1762 15.942688 1.780681
1763 15.754862 1.779188
1764 15.68381 1.779515
1765 15.98562 1.779002
1766 16.025546 1.777555
1767 15.820333 1.774569
1768 16.047012 1.770229
1769 15.209844 1.765517
1770 15.763448 1.761831
1771 15.428366 1.758891
1772 15.636585 1.755112
1773 15.727171 1.751006
1774 15.560381 1.746573
1775 15.862406 1.74186
1776 16.191477 1.737521
1777 16.151551 1.732808
1778 16.177095 1.728282
1779 16.169368 1.723709
1780 15.44833 1.718577
1781 15.575622 1.713491
1782 15.741553 1.707798
1783 15.564031 1.701219
1784 15.220577 1.69296
1785 15.371053 1.688294
1786 15.367833 1.685495
1787 15.248697 1.682555
1788 15.42944 1.680689
1789 15.259859 1.679102
1790 15.122263 1.675976
1791 15.090065 1.672337
1792 15.022018 1.669211
1793 15.19997 1.666551
1794 15.11518 1.663145
1795 15.500492 1.658525
1796 15.628857 1.652926
1797 15.322325 1.645134
1798 14.967709 1.636642
1799 15.233242 1.62479
1800 15.187734 1.614992
1801 15.449832 1.608366
1802 15.272739 1.603793
1803 15.047562 1.600527
1804 15.413555 1.594275
1805 15.275315 1.589935
1806 15.013861 1.588162
1807 15.442749 1.590122
1808 15.570685 1.594368
1809 14.991751 1.598987
1810 14.747684 1.600434
1811 15.403681 1.598241
1812 15.18065 1.592968
1813 15.274242 1.587789
1814 15.713862 1.581583
1815 15.586999 1.573884
1816 15.552224 1.565625
1817 15.650538 1.558813
1818 15.236891 1.554614
1819 15.301933 1.552281
1820 15.395094 1.55284
1821 15.147808 1.554754
1822 15.434377 1.557553
1823 15.626282 1.560493
1824 15.524963 1.562312
1825 15.12119 1.559186
1826 14.749187 1.550228
1827 14.483654 1.539916
1828 15.086415 1.531843
1829 15.017295 1.526431
1830 15.072033 1.525731
1831 15.022018 1.527224
1832 14.710763 1.528577
1833 14.595062 1.527877
1834 14.886783 1.527457
1835 14.978013 1.526384
1836 14.756271 1.525451
1837 14.724716 1.524471
1838 14.879699 1.522745
1839 14.997332 1.521905
1840 14.720423 1.521438
1841 14.606868 1.520598
1842 15.026096 1.517519
1843 15.362896 1.514906
1844 14.654522 1.51234
1845 14.461115 1.51052
1846 15.045416 1.508933
1847 14.943667 1.5073
1848 15.008709 1.506647
