0 2.123025 0.569538 0.084859 5.501002 3.963004 0
1 0.298446 20.849035 1.558155 4.649299 1.855646 16.093485
2 0.389194 39.403255 2.917705 1.573146 1.42393 77.964936
3 0.583771 59.762476 4.369335 0.148297 0.651232 94.598431
4 1.161468 80.099316 5.780643 0.079559 0.367324 97.882398
5 7.154513 97.883987 6.990335 0.269539 0.238541 98.903881
6 47.722767 99.938021 7.143201 1.523046 0.171223 99.252181
7 69.868545 99.958755 7.15283 1.773547 0.134344 99.433647
8 79.806617 99.96427 7.160654 1.673347 0.110344 99.544869
9 84.317663 99.966397 7.168478 1.503006 0.09366 99.620968
10 86.372817 99.967343 7.176302 1.342685 0.081367 99.676579
11 87.314331 99.967802 7.184728 1.192385 0.072001 99.719019
12 87.752883 99.968045 7.192552 1.082164 0.064538 99.751215
13 87.963129 99.968185 7.200376 0.97996 0.058391 99.777557
14 88.068745 99.968276 7.208199 0.897796 0.053416 99.798045
15 88.125677 99.968341 7.216023 0.827655 0.049318 99.815606
16 88.159357 99.968393 7.224449 0.768537 0.045659 99.830241
17 88.181503 99.968431 7.232273 0.716433 0.042586 99.843412
18 88.197561 99.968465 7.240097 0.672345 0.039952 99.855119
19 88.210155 99.968496 7.247921 0.632265 0.03761 99.8639
20 88.220595 99.968522 7.256346 0.597194 0.035415 99.87268
21 88.22957 99.968545 7.26417 0.566132 0.033513 99.879998
22 88.237468 99.968566 7.272596 0.538076 0.031903 99.887315
23 88.244533 99.968584 7.28042 0.512024 0.03044 99.893169
24 88.250921 99.968602 7.288244 0.488978 0.028976 99.897559
25 88.25675 99.968618 7.296669 0.467936 0.027805 99.903413
26 88.262106 99.968634 7.304493 0.448898 0.026635 99.907803
27 88.267058 99.968646 7.312919 0.430862 0.02561 99.912193
28 88.271658 99.968659 7.321345 0.41483 0.024586 99.91512
29 88.275952 99.968672 7.329169 0.3998 0.023708 99.919511
30 88.27998 99.968683 7.337594 0.385772 0.02283 99.922438
31 88.283771 99.968696 7.345418 0.372745 0.022098 99.925364
32 88.287352 99.968706 7.353844 0.360721 0.021366 99.928291
33 88.290748 99.968714 7.36227 0.349699 0.020635 99.929755
34 88.293977 99.968724 7.370695 0.338677 0.020049 99.932682
35 88.297057 99.968732 7.378519 0.328657 0.019464 99.934145
36 88.300001 99.968742 7.386945 0.319639 0.018878 99.937072
37 88.302824 99.96875 7.395371 0.310621 0.018439 99.938535
38 88.305538 99.968758 7.403796 0.302605 0.017854 99.941462
39 88.308151 99.968766 7.412222 0.294589 0.017415 99.942926
40 88.310673 99.968773 7.420648 0.286573 0.016976 99.944389
41 88.313113 99.968779 7.429074 0.279559 0.016537 99.945853
42 88.315476 99.968786 7.437499 0.273547 0.016098 99.947316
43 88.317769 99.968794 7.445925 0.266533 0.015805 99.948779
44 88.319998 99.968799 7.454351 0.260521 0.015366 99.950243
45 88.322169 99.968807 7.462776 0.254509 0.015073 99.951706
46 88.324285 99.968812 7.471202 0.249499 0.014781 99.951706
47 88.32635 99.96882 7.479628 0.244489 0.01443 99.95317
48 88.328369 99.968825 7.488054 0.239479 0.014137 99.954633
49 88.330345 99.96883 7.497081 0.234469 0.013844 99.956097
50 88.332282 99.968836 7.505507 0.229459 0.013581 99.956097
51 88.334181 99.968843 7.513933 0.225451 0.013317 99.95756
52 88.336045 99.968849 7.522358 0.220441 0.013054 99.959024
53 88.337877 99.968854 7.531386 0.216433 0.01282 99.959024
54 88.339679 99.968859 7.539812 0.212425 0.012586 99.960487
55 88.341453 99.968864 7.548237 0.209419 0.012366 99.960487
56 88.343201 99.968869 7.557265 0.205411 0.012147 99.96195
57 88.344925 99.968875 7.56569 0.201403 0.011942 99.96195
58 88.346625 99.96888 7.574718 0.198397 0.011737 99.963414
59 88.348305 99.968885 7.583144 0.195391 0.011547 99.963414
60 88.349964 99.96889 7.592171 0.192385 0.011356 99.964877
61 88.351604 99.968895 7.600597 0.189379 0.011181 99.964877
62 88.353226 99.9689 7.609625 0.186373 0.011005 99.966341
63 88.354832 99.968903 7.618652 0.183367 0.010829 99.966341
64 88.356422 99.968908 7.627078 0.180361 0.010669 99.966341
65 88.357998 99.968913 7.636105 0.177355 0.010508 99.967804
66 88.35956 99.968919 7.645133 0.175351 0.010361 99.967804
67 88.361108 99.968924 7.65416 0.172345 0.010215 99.967804
68 88.362645 99.968926 7.663188 0.170341 0.010068 99.969268
69 88.36417 99.968932 7.671614 0.168337 0.009922 99.969268
70 88.365684 99.968937 7.680641 0.165331 0.00979 99.969268
71 88.367188 99.968942 7.689669 0.163327 0.009659 99.970731
72 88.368682 99.968947 7.698696 0.161323 0.009542 99.970731
73 88.370168 99.96895 7.707724 0.159319 0.00941 99.970731
74 88.371645 99.968955 7.716752 0.157315 0.009293 99.972195
75 88.373113 99.96896 7.725779 0.155311 0.009176 99.972195
76 88.374575 99.968963 7.734807 0.153307 0.009059 99.972195
77 88.376029 99.968968 7.743834 0.151303 0.008956 99.972195
78 88.377476 99.968973 7.753464 0.149299 0.008839 99.973658
79 88.378917 99.968976 7.762491 0.148297 0.008737 99.973658
80 88.380352 99.968981 7.771519 0.146293 0.008634 99.973658
81 88.381782 99.968986 7.780546 0.144289 0.008532 99.973658
82 88.383206 99.968989 7.789574 0.143287 0.008444 99.975121
83 88.384626 99.968994 7.799203 0.141283 0.008342 99.975121
84 88.386041 99.968999 7.808231 0.139279 0.008254 99.975121
85 88.387451 99.969002 7.81786 0.138277 0.008166 99.975121
86 88.388858 99.969007 7.826888 0.136273 0.008078 99.976585
87 88.39026 99.969012 7.835915 0.135271 0.00799 99.976585
88 88.39166 99.969014 7.845545 0.134269 0.007903 99.976585
89 88.393055 99.96902 7.854572 0.132265 0.007829 99.976585
90 88.394448 99.969025 7.864202 0.131263 0.007742 99.976585
91 88.395838 99.969027 7.873831 0.130261 0.007668 99.976585
92 88.397225 99.969033 7.882858 0.128257 0.007581 99.978048
93 88.39861 99.969035 7.892488 0.127255 0.007507 99.978048
94 88.399993 99.96904 7.902117 0.126253 0.007434 99.978048
95 88.401373 99.969046 7.911145 0.125251 0.007376 99.978048
96 88.402752 99.969048 7.920774 0.123246 0.007303 99.978048
97 88.404128 99.969053 7.930404 0.122244 0.007229 99.978048
98 88.405504 99.969059 7.940033 0.121242 0.007156 99.979512
99 88.406877 99.969061 7.949662 0.12024 0.007098 99.979512
100 88.40825 99.969066 7.959292 0.119238 0.007039 99.979512
101 88.409621 99.969069 7.968921 0.118236 0.006966 99.979512
102 88.410991 99.969074 7.978551 0.117234 0.006907 99.979512
103 88.412361 99.969079 7.98818 0.116232 0.006849 99.979512
104 88.413729 99.969082 7.997809 0.11523 0.00679 99.979512
105 88.415097 99.969087 8.007439 0.114228 0.006732 99.980975
106 88.416465 99.96909 8.017068 0.113226 0.006673 99.980975
107 88.417832 99.969095 8.026697 0.112224 0.006615 99.980975
108 88.419198 99.9691 8.036929 0.111222 0.006571 99.980975
109 88.420565 99.969103 8.046558 0.11022 0.006512 99.980975
110 88.421931 99.969108 8.056187 0.109218 0.006454 99.980975
111 88.423298 99.96911 8.065817 0.108216 0.00641 99.980975
112 88.424664 99.969116 8.076048 0.107214 0.006351 99.980975
113 88.426031 99.969121 8.085677 0.107214 0.006307 99.982439
114 88.427398 99.969123 8.095909 0.106212 0.006249 99.982439
115 88.428765 99.969128 8.105538 0.10521 0.006205 99.982439
116 88.430133 99.969131 8.115769 0.104208 0.006161 99.982439
117 88.431501 99.969136 8.125399 0.103206 0.006117 99.982439
118 88.432869 99.969141 8.13563 0.103206 0.006073 99.982439
119 88.434239 99.969144 8.145861 0.102204 0.006029 99.982439
120 88.435609 99.969149 8.155491 0.101202 0.005985 99.982439
121 88.43698 99.969152 8.165722 0.1002 0.005942 99.982439
122 88.438351 99.969157 8.175953 0.0999 0.005898 99.983902
123 88.439724 99.969162 8.186184 0.099198 0.005854 99.983902
124 88.441098 99.969165 8.195814 0.098497 0.00581 99.983902
125 88.442472 99.96917 8.206045 0.097796 0.005766 99.983902
126 88.443848 99.969173 8.216276 0.097094 0.005737 99.983902
127 88.445225 99.969178 8.226507 0.096393 0.005693 99.983902
128 88.446603 99.969183 8.236739 0.095792 0.005649 99.983902
129 88.447983 99.969186 8.24697 0.09519 0.00562 99.983902
130 88.449364 99.969191 8.257201 0.094489 0.005576 99.983902
131 88.450746 99.969193 8.268034 0.093888 0.005546 99.983902
132 88.452129 99.969198 8.278265 0.093287 0.005503 99.983902
133 88.453515 99.969204 8.288496 0.092685 0.005473 99.983902
134 88.454901 99.969206 8.298728 0.092084 0.005429 99.985366
135 88.45629 99.969211 8.309561 0.091483 0.0054 99.985366
136 88.457679 99.969217 8.319792 0.090982 0.005371 99.985366
137 88.459071 99.969219 8.330023 0.090381 0.005327 99.985366
138 88.460464 99.969224 8.340856 0.08978 0.005298 99.985366
139 88.461859 99.96923 8.351088 0.089279 0.005268 99.985366
140 88.463256 99.969232 8.361921 0.088677 0.005239 99.985366
141 88.464655 99.969237 8.372152 0.088176 0.00521 99.985366
142 88.466055 99.96924 8.382985 0.087675 0.005166 99.985366
143 88.467458 99.969245 8.393216 0.087174 0.005137 99.985366
144 88.468863 99.96925 8.404049 0.086673 0.005107 99.985366
145 88.470269 99.969253 8.414882 0.086172 0.005078 99.985366
146 88.471678 99.969258 8.425715 0.085671 0.005049 99.985366
147 88.473088 99.969263 8.435947 0.08517 0.00502 99.985366
148 88.474501 99.969266 8.44678 0.084669 0.00499 99.986829
149 88.475916 99.969271 8.457613 0.084168 0.004961 99.986829
150 88.477333 99.969276 8.468446 0.083768 0.004932 99.986829
151 88.478752 99.969279 8.479279 0.083267 0.004917 99.986829
152 88.480174 99.969284 8.490112 0.082766 0.004888 99.986829
153 88.481598 99.969289 8.500945 0.082365 0.004859 99.986829
154 88.483024 99.969292 8.511778 0.081864 0.004829 99.986829
155 88.484453 99.969297 8.522611 0.081463 0.0048 99.986829
156 88.485884 99.969302 8.534046 0.081062 0.004785 99.986829
157 88.487317 99.969305 8.544879 0.080661 0.004756 99.986829
158 88.488753 99.96931 8.555712 0.08016 0.004727 99.986829
159 88.490191 99.969315 8.566545 0.07976 0.004698 99.986829
160 88.491632 99.969318 8.57798 0.079359 0.004683 99.986829
161 88.493075 99.969323 8.588813 0.078958 0.004654 99.986829
162 88.494521 99.969328 8.600248 0.078557 0.004639 99.986829
163 88.49597 99.969331 8.611081 0.078156 0.00461 99.986829
164 88.497421 99.969336 8.622516 0.077756 0.004581 99.986829
165 88.498875 99.969341 8.633349 0.077355 0.004566 99.986829
166 88.500331 99.969346 8.644784 0.077054 0.004537 99.988292
167 88.501791 99.969349 8.656219 0.076653 0.004522 99.988292
168 88.503253 99.969354 8.667654 0.076253 0.004493 99.988292
169 88.504717 99.969359 8.678487 0.075852 0.004478 99.988292
170 88.506185 99.969362 8.689922 0.075551 0.004449 99.988292
171 88.507655 99.969367 8.701357 0.07515 0.004434 99.988292
172 88.509128 99.969372 8.712791 0.07485 0.004405 99.988292
173 88.510604 99.969377 8.724226 0.074449 0.00439 99.988292
174 88.512083 99.96938 8.735661 0.074148 0.004376 99.988292
175 88.513565 99.969385 8.747096 0.073747 0.004346 99.988292
176 88.51505 99.96939 8.758531 0.073447 0.004332 99.988292
177 88.516538 99.969395 8.769966 0.073146 0.004317 99.988292
178 88.518028 99.969398 8.782003 0.072745 0.004288 99.988292
179 88.519522 99.969403 8.793438 0.072445 0.004273 99.988292
180 88.521019 99.969408 8.804872 0.072144 0.004259 99.988292
181 88.522519 99.969414 8.816909 0.071844 0.004229 99.988292
182 88.524022 99.969416 8.828344 0.071543 0.004215 99.988292
183 88.525528 99.969421 8.839779 0.071242 0.0042 99.988292
184 88.527037 99.969427 8.851816 0.070942 0.004185 99.988292
185 88.528549 99.969432 8.863251 0.070641 0.004156 99.988292
186 88.530065 99.969434 8.875287 0.070341 0.004142 99.988292
187 88.531583 99.969439 8.887324 0.07004 0.004127 99.988292
188 88.533105 99.969445 8.898759 0.069739 0.004112 99.988292
189 88.534631 99.96945 8.910796 0.069439 0.004098 99.988292
190 88.536159 99.969452 8.922832 0.069138 0.004068 99.989756
191 88.537691 99.969458 8.934869 0.068838 0.004054 99.989756
192 88.539226 99.969463 8.946906 0.068537 0.004039 99.989756
193 88.540764 99.969468 8.958943 0.068236 0.004024 99.989756
194 88.542306 99.969473 8.970979 0.068036 0.00401 99.989756
195 88.543851 99.969476 8.983016 0.067735 0.003995 99.989756
196 88.545399 99.969481 8.995053 0.067435 0.003981 99.989756
197 88.546951 99.969486 9.00709 0.067234 0.003966 99.989756
198 88.548507 99.969491 9.019126 0.066934 0.003951 99.989756
199 88.550066 99.969496 9.031765 0.066633 0.003922 99.989756
200 88.551628 99.969502 9.043802 0.066433 0.003907 99.989756
201 88.553194 99.969504 9.055838 0.066132 0.003893 99.989756
202 88.554763 99.969509 9.068477 0.065932 0.003878 99.989756
203 88.556336 99.969515 9.080514 0.065631 0.003863 99.989756
204 88.557913 99.96952 9.093152 0.065431 0.003849 99.989756
205 88.559493 99.969525 9.105189 0.06513 0.003834 99.989756
206 88.561076 99.96953 9.117828 0.06493 0.00382 99.989756
207 88.562664 99.969535 9.130466 0.064729 0.003805 99.989756
208 88.564255 99.969538 9.143105 0.064429 0.00379 99.989756
209 88.565849 99.969543 9.155141 0.064228 0.00379 99.989756
210 88.567448 99.969548 9.16778 0.064028 0.003776 99.989756
211 88.56905 99.969553 9.180419 0.063727 0.003761 99.989756
212 88.570655 99.969559 9.193057 0.063527 0.003746 99.989756
213 88.572265 99.969564 9.205696 0.063327 0.003732 99.989756
214 88.573878 99.969569 9.218334 0.063026 0.003717 99.989756
215 88.575495 99.969574 9.230973 0.062826 0.003703 99.989756
216 88.577116 99.969577 9.243612 0.062625 0.003688 99.989756
217 88.578741 99.969582 9.256852 0.062425 0.003673 99.989756
218 88.58037 99.969587 9.26949 0.062224 0.003659 99.989756
219 88.582002 99.969592 9.282129 0.062024 0.003644 99.989756
220 88.583639 99.969598 9.295369 0.061723 0.003644 99.989756
221 88.585279 99.969603 9.308008 0.061523 0.003629 99.989756
222 88.586923 99.969608 9.321248 0.061323 0.003615 99.991219
223 88.588572 99.969613 9.333887 0.061122 0.0036 99.991219
224 88.590224 99.969618 9.347127 0.060922 0.003585 99.991219
225 88.59188 99.969623 9.360368 0.060721 0.003571 99.991219
226 88.59354 99.969629 9.373006 0.060521 0.003571 99.991219
227 88.595205 99.969634 9.386247 0.060321 0.003556 99.991219
228 88.596873 99.969639 9.399487 0.06012 0.003542 99.991219
229 88.598546 99.969642 9.412728 0.05992 0.003527 99.991219
230 88.600222 99.969647 9.425968 0.059719 0.003527 99.991219
231 88.601903 99.969652 9.439208 0.059619 0.003512 99.991219
232 88.603588 99.969657 9.452449 0.059419 0.003498 99.991219
233 88.605277 99.969662 9.465689 0.059218 0.003483 99.991219
234 88.60697 99.969668 9.479532 0.059018 0.003468 99.991219
235 88.608667 99.969673 9.492772 0.058818 0.003468 99.991219
236 88.610369 99.969678 9.506012 0.058617 0.003454 99.991219
237 88.612075 99.969683 9.519855 0.058517 0.003439 99.991219
238 88.613785 99.969688 9.533095 0.058317 0.003439 99.991219
239 88.615499 99.969693 9.546937 0.058116 0.003424 99.991219
240 88.617218 99.969699 9.560178 0.057916 0.00341 99.991219
241 88.618941 99.969704 9.57402 0.057715 0.003395 99.991219
242 88.620669 99.969709 9.587862 0.057615 0.003395 99.991219
243 88.622401 99.969714 9.601103 0.057415 0.003381 99.991219
244 88.624137 99.969719 9.614945 0.057214 0.003366 99.991219
245 88.625877 99.969725 9.628787 0.057114 0.003366 99.991219
246 88.627623 99.96973 9.642629 0.056914 0.003351 99.991219
247 88.629372 99.969735 9.656472 0.056713 0.003337 99.991219
248 88.631126 99.969743 9.670314 0.056613 0.003337 99.991219
249 88.632885 99.969748 9.684156 0.056413 0.003322 99.991219
250 88.634648 99.969753 9.697998 0.056212 0.003307 99.991219
251 88.636415 99.969758 9.712442 0.056112 0.003307 99.991219
252 88.638187 99.969763 9.726285 0.055912 0.003293 99.991219
253 88.639964 99.969769 9.740127 0.055812 0.003278 99.991219
254 88.641745 99.969774 9.754571 0.055611 0.003278 99.991219
255 88.643531 99.969779 9.768413 0.055511 0.003263 99.991219
256 88.645322 99.969784 9.782857 0.055311 0.003249 99.991219
257 88.647117 99.969789 9.797301 0.05521 0.003249 99.991219
258 88.648917 99.969794 9.811144 0.05501 0.003234 99.991219
259 88.650722 99.9698 9.825588 0.05491 0.003234 99.991219
260 88.652531 99.969807 9.840032 0.054709 0.00322 99.991219
261 88.654346 99.969813 9.854476 0.054609 0.003205 99.991219
262 88.656165 99.969818 9.86892 0.054409 0.003205 99.991219
263 88.657988 99.969823 9.883364 0.054309 0.00319 99.991219
264 88.659817 99.969828 9.897808 0.054108 0.00319 99.991219
265 88.66165 99.969833 9.912252 0.054008 0.003176 99.991219
266 88.663489 99.969839 9.926696 0.053808 0.003176 99.991219
267 88.665332 99.969844 9.941742 0.053707 0.003161 99.991219
268 88.66718 99.969851 9.956186 0.053607 0.003146 99.991219
269 88.669033 99.969857 9.971232 0.053407 0.003146 99.992683
270 88.670891 99.969862 9.985676 0.053307 0.003132 99.992683
271 88.672754 99.969867 10.000722 0.053206 0.003132 99.992683
272 88.674622 99.969872 10.015166 0.053006 0.003117 99.992683
273 88.676495 99.96988 10.030212 0.052906 0.003117 99.992683
274 88.678373 99.969885 10.045258 0.052806 0.003102 99.992683
275 88.680256 99.96989 10.060304 0.052605 0.003102 99.992683
276 88.682144 99.969896 10.07535 0.052505 0.003088 99.992683
277 88.684038 99.969901 10.090396 0.052405 0.003088 99.992683
278 88.685936 99.969909 10.105442 0.052204 0.003073 99.992683
279 88.68784 99.969914 10.120488 0.052104 0.003059 99.992683
280 88.689749 99.969919 10.135534 0.052004 0.003059 99.992683
281 88.691663 99.969924 10.15058 0.051904 0.003044 99.992683
282 88.693582 99.969929 10.166227 0.051703 0.003044 99.992683
283 88.695506 99.969937 10.181273 0.051603 0.003029 99.992683
284 88.697436 99.969942 10.196921 0.051503 0.003029 99.992683
285 88.699371 99.969947 10.211967 0.051403 0.003015 99.992683
286 88.701312 99.969953 10.227615 0.051202 0.003015 99.992683
287 88.703257 99.96996 10.243262 0.051102 0.003 99.992683
288 88.705209 99.969966 10.25891 0.051002 0.003 99.992683
289 88.707165 99.969971 10.273956 0.050902 0.003 99.992683
290 88.709127 99.969978 10.289604 0.050802 0.002985 99.992683
291 88.711095 99.969984 10.305252 0.050701 0.002985 99.992683
292 88.713067 99.969989 10.320899 0.050501 0.002971 99.992683
293 88.715046 99.969994 10.337149 0.050401 0.002971 99.992683
294 88.71703 99.970002 10.352797 0.050301 0.002956 99.992683
295 88.719019 99.970007 10.368444 0.0502 0.002956 99.992683
296 88.721014 99.970012 10.384694 0.0501 0.002942 99.992683
297 88.723015 99.97002 10.400342 0.05 0.002942 99.992683
298 88.725021 99.970025 10.416591 0.0499 0.002927 99.992683
299 88.727033 99.97003 10.432239 0.0498 0.002927 99.992683
300 88.72905 99.970038 10.448489 0.049599 0.002912 99.992683
301 88.731074 99.970043 10.464738 0.049499 0.002912 99.992683
302 88.733102 99.970051 10.480988 0.049399 0.002912 99.992683
303 88.735137 99.970056 10.497238 0.049299 0.002898 99.992683
304 88.737178 99.970061 10.513487 0.049198 0.002898 99.992683
305 88.739224 99.970069 10.529737 0.049098 0.002883 99.992683
306 88.741276 99.970074 10.545986 0.048998 0.002883 99.992683
307 88.743334 99.97008 10.562236 0.048898 0.002868 99.992683
308 88.745398 99.970087 10.578486 0.048798 0.002868 99.992683
309 88.747467 99.970092 10.595337 0.048697 0.002868 99.992683
310 88.749543 99.9701 10.611587 0.048597 0.002854 99.992683
311 88.751624 99.970105 10.628438 0.048497 0.002854 99.992683
312 88.753712 99.970113 10.645289 0.048397 0.002839 99.992683
313 88.755806 99.970118 10.661539 0.048297 0.002839 99.992683
314 88.757905 99.970124 10.67839 0.048196 0.002839 99.992683
315 88.760011 99.970131 10.695242 0.048096 0.002824 99.992683
316 88.762122 99.970137 10.712093 0.047996 0.002824 99.992683
317 88.76424 99.970144 10.728945 0.047896 0.00281 99.992683
318 88.766364 99.97015 10.745796 0.047796 0.00281 99.992683
319 88.768494 99.970157 10.763249 0.047695 0.00281 99.992683
320 88.770631 99.970162 10.780101 0.047595 0.002795 99.992683
321 88.772773 99.97017 10.796952 0.047495 0.002795 99.992683
322 88.774922 99.970175 10.814406 0.047395 0.002795 99.992683
323 88.777077 99.970183 10.831257 0.047395 0.002781 99.992683
324 88.779239 99.970188 10.84871 0.047295 0.002781 99.992683
325 88.781406 99.970196 10.866164 0.047194 0.002766 99.992683
326 88.783581 99.970201 10.883617 0.047094 0.002766 99.992683
327 88.785761 99.970209 10.900468 0.046994 0.002766 99.992683
328 88.787948 99.970214 10.917921 0.046894 0.002751 99.992683
329 88.790141 99.970222 10.935977 0.046794 0.002751 99.992683
330 88.792341 99.97023 10.95343 0.046693 0.002751 99.992683
331 88.794548 99.970235 10.970883 0.046593 0.002737 99.992683
332 88.79676 99.970243 10.988336 0.046493 0.002737 99.992683
333 88.79898 99.970248 11.006392 0.046493 0.002722 99.992683
334 88.801206 99.970256 11.023845 0.046393 0.002722 99.992683
335 88.803439 99.970261 11.0419 0.046293 0.002722 99.992683
336 88.805678 99.970269 11.059955 0.046192 0.002707 99.992683
337 88.807924 99.970276 11.07801 0.046092 0.002707 99.992683
338 88.810177 99.970282 11.095463 0.045992 0.002707 99.992683
339 88.812436 99.970289 11.113518 0.045992 0.002693 99.992683
340 88.814702 99.970297 11.131574 0.045892 0.002693 99.992683
341 88.816975 99.970302 11.150231 0.045792 0.002693 99.992683
342 88.819255 99.97031 11.168286 0.045691 0.002678 99.992683
343 88.821542 99.970318 11.186341 0.045591 0.002678 99.992683
344 88.823836 99.970323 11.204998 0.045491 0.002678 99.994146
345 88.826136 99.970331 11.223053 0.045491 0.002663 99.994146
346 88.828444 99.970339 11.24171 0.045391 0.002663 99.994146
347 88.830759 99.970344 11.260367 0.045291 0.002663 99.994146
348 88.83308 99.970352 11.278422 0.04519 0.002649 99.994146
349 88.835409 99.970359 11.297079 0.04519 0.002649 99.994146
350 88.837744 99.970365 11.315736 0.04509 0.002649 99.994146
351 88.840087 99.970372 11.334994 0.04499 0.002649 99.994146
352 88.842437 99.97038 11.353651 0.04489 0.002634 99.994146
353 88.844794 99.970388 11.372308 0.04479 0.002634 99.994146
354 88.847159 99.970393 11.390965 0.04479 0.002634 99.994146
355 88.849531 99.970401 11.410224 0.044689 0.00262 99.994146
356 88.851909 99.970409 11.429483 0.044589 0.00262 99.994146
357 88.854296 99.970416 11.44814 0.044589 0.00262 99.994146
358 88.856689 99.970422 11.467399 0.044489 0.002605 99.994146
359 88.85909 99.970429 11.486657 0.044389 0.002605 99.994146
360 88.861499 99.970437 11.505916 0.044289 0.002605 99.994146
361 88.863915 99.970445 11.525175 0.044289 0.002605 99.994146
362 88.866338 99.970453 11.544434 0.044188 0.00259 99.994146
363 88.868769 99.970458 11.564294 0.044088 0.00259 99.994146
364 88.871207 99.970466 11.583553 0.043988 0.00259 99.994146
365 88.873653 99.970473 11.602812 0.043988 0.002576 99.994146
366 88.876107 99.970481 11.622672 0.043888 0.002576 99.994146
367 88.878568 99.970489 11.642533 0.043788 0.002576 99.994146
368 88.881037 99.970497 11.662394 0.043788 0.002576 99.994146
369 88.883514 99.970505 11.682254 0.043687 0.002561 99.994146
370 88.885999 99.97051 11.702115 0.043587 0.002561 99.994146
371 88.888491 99.970517 11.721975 0.043587 0.002561 99.994146
372 88.890991 99.970525 11.741836 0.043487 0.002546 99.994146
373 88.893499 99.970533 11.761697 0.043387 0.002546 99.994146
374 88.896015 99.970541 11.782159 0.043387 0.002546 99.994146
375 88.898539 99.970549 11.80202 0.043287 0.002546 99.994146
376 88.901071 99.970556 11.822482 0.043186 0.002532 99.994146
377 88.90361 99.970564 11.842945 0.043186 0.002532 99.994146
378 88.906158 99.970572 11.863407 0.043086 0.002532 99.994146
379 88.908714 99.97058 11.88387 0.042986 0.002532 99.994146
380 88.911279 99.970587 11.904332 0.042986 0.002517 99.994146
381 88.913851 99.970595 11.924794 0.042886 0.002517 99.994146
382 88.916432 99.970603 11.945257 0.042886 0.002517 99.994146
383 88.91902 99.970611 11.966321 0.042786 0.002502 99.994146
384 88.921617 99.970619 11.986784 0.042685 0.002502 99.994146
385 88.924223 99.970626 12.007848 0.042685 0.002502 99.994146
386 88.926837 99.970634 12.028912 0.042585 0.002502 99.994146
387 88.929459 99.970642 12.049375 0.042485 0.002488 99.994146
388 88.932089 99.97065 12.070439 0.042485 0.002488 99.994146
389 88.934729 99.970657 12.092105 0.042385 0.002488 99.994146
390 88.937376 99.970665 12.113169 0.042385 0.002488 99.994146
391 88.940032 99.970673 12.134234 0.042285 0.002473 99.994146
392 88.942697 99.970681 12.1559 0.042184 0.002473 99.994146
393 88.945371 99.970689 12.176964 0.042184 0.002473 99.994146
394 88.948053 99.970699 12.19863 0.042084 0.002473 99.994146
395 88.950744 99.970707 12.220296 0.042084 0.002473 99.994146
396 88.953443 99.970714 12.241962 0.041984 0.002459 99.994146
397 88.956152 99.970722 12.263629 0.041884 0.002459 99.994146
398 88.958869 99.97073 12.285295 0.041884 0.002459 99.994146
399 88.961595 99.970738 12.306961 0.041784 0.002459 99.994146
400 88.96433 99.970746 12.328627 0.041784 0.002444 99.994146
401 88.967074 99.970756 12.350895 0.041683 0.002444 99.994146
402 88.969827 99.970764 12.373163 0.041683 0.002444 99.994146
403 88.97259 99.970771 12.394829 0.041583 0.002444 99.994146
404 88.975361 99.970779 12.417097 0.041583 0.002429 99.994146
405 88.978141 99.970787 12.439365 0.041483 0.002429 99.994146
406 88.980931 99.970797 12.461633 0.041383 0.002429 99.994146
407 88.98373 99.970805 12.484503 0.041383 0.002429 99.994146
408 88.986538 99.970813 12.506771 0.041283 0.002429 99.994146
409 88.989355 99.970821 12.529039 0.041283 0.002415 99.994146
410 88.992182 99.970831 12.551908 0.041182 0.002415 99.994146
411 88.995018 99.970839 12.574778 0.041182 0.002415 99.994146
412 88.997864 99.970847 12.597648 0.041082 0.002415 99.994146
413 89.000719 99.970857 12.620518 0.041082 0.0024 99.994146
414 89.003584 99.970865 12.643388 0.040982 0.0024 99.994146
415 89.006458 99.970873 12.666257 0.040982 0.0024 99.994146
416 89.009342 99.970883 12.689729 0.040882 0.0024 99.994146
417 89.012236 99.970891 12.712599 0.040882 0.0024 99.994146
418 89.01514 99.970898 12.73607 0.040782 0.002385 99.994146
419 89.018053 99.970909 12.759542 0.040782 0.002385 99.994146
420 89.020976 99.970917 12.782412 0.040681 0.002385 99.994146
421 89.023909 99.970927 12.805884 0.040681 0.002385 99.994146
422 89.026852 99.970935 12.829957 0.040581 0.002385 99.994146
423 89.029804 99.970942 12.853429 0.040581 0.002371 99.994146
424 89.032767 99.970953 12.8769 0.040481 0.002371 99.994146
425 89.03574 99.970961 12.900974 0.040481 0.002371 99.994146
426 89.038723 99.970971 12.925047 0.040381 0.002371 99.994146
427 89.041716 99.970979 12.949121 0.040381 0.002371 99.994146
428 89.04472 99.970989 12.973194 0.040281 0.002356 99.994146
429 89.047734 99.970997 12.997268 0.040281 0.002356 99.994146
430 89.050758 99.971007 13.021341 0.04018 0.002356 99.994146
431 89.053792 99.971015 13.045415 0.04018 0.002356 99.994146
432 89.056837 99.971025 13.07009 0.04008 0.002356 99.994146
433 89.059892 99.971033 13.094765 0.04008 0.002342 99.994146
434 89.062958 99.971044 13.119441 0.03998 0.002342 99.994146
435 89.066034 99.971051 13.144116 0.03998 0.002342 99.994146
436 89.069122 99.971062 13.168791 0.03998 0.002342 99.994146
437 89.072219 99.971069 13.193466 0.03988 0.002342 99.994146
438 89.075328 99.97108 13.218142 0.03988 0.002327 99.994146
439 89.078447 99.97109 13.243419 0.03978 0.002327 99.994146
440 89.081577 99.971098 13.268696 0.03978 0.002327 99.994146
441 89.084718 99.971108 13.293371 0.039679 0.002327 99.994146
442 89.08787 99.971119 13.318649 0.039679 0.002327 99.994146
443 89.091033 99.971126 13.344527 0.039579 0.002327 99.994146
444 89.094207 99.971137 13.369805 0.039579 0.002312 99.994146
445 89.097392 99.971147 13.395082 0.039579 0.002312 99.994146
446 89.100588 99.971155 13.420961 0.039479 0.002312 99.994146
447 89.103796 99.971165 13.44684 0.039479 0.002312 99.994146
448 89.107015 99.971176 13.472117 0.039379 0.002312 99.994146
449 89.110245 99.971186 13.498598 0.039379 0.002298 99.994146
450 89.113486 99.971194 13.524477 0.039279 0.002298 99.994146
451 89.116739 99.971204 13.550356 0.039279 0.002298 99.994146
452 89.120004 99.971215 13.576837 0.039279 0.002298 99.994146
453 89.12328 99.971225 13.602715 0.039178 0.002298 99.994146
454 89.126568 99.971233 13.629196 0.039178 0.002298 99.994146
455 89.129867 99.971243 13.655677 0.039078 0.002283 99.994146
456 89.133178 99.971253 13.682158 0.039078 0.002283 99.994146
457 89.136501 99.971264 13.708639 0.039078 0.002283 99.994146
458 89.139836 99.971274 13.735721 0.038978 0.002283 99.994146
459 89.143182 99.971285 13.762202 0.038978 0.002283 99.994146
460 89.146541 99.971292 13.789285 0.038878 0.002283 99.994146
461 89.149912 99.971303 13.816368 0.038878 0.002268 99.994146
462 89.153295 99.971313 13.84345 0.038878 0.002268 99.994146
463 89.15669 99.971323 13.870533 0.038778 0.002268 99.994146
464 89.160097 99.971334 13.898217 0.038778 0.002268 99.994146
465 89.163517 99.971344 13.9253 0.038677 0.002268 99.994146
466 89.166949 99.971355 13.952985 0.038677 0.002268 99.994146
467 89.170393 99.971365 13.980669 0.038677 0.002254 99.994146
468 89.17385 99.971375 14.008353 0.038577 0.002254 99.994146
469 89.177319 99.971386 14.036038 0.038577 0.002254 99.994146
470 89.180801 99.971396 14.064324 0.038477 0.002254 99.994146
471 89.184295 99.971406 14.092009 0.038477 0.002254 99.994146
472 89.187803 99.971417 14.120295 0.038477 0.002254 99.994146
473 89.191323 99.971427 14.148581 0.038377 0.002254 99.994146
474 89.194856 99.971437 14.176868 0.038377 0.002239 99.994146
475 89.198402 99.971448 14.205756 0.038377 0.002239 99.994146
476 89.201961 99.971458 14.234042 0.038277 0.002239 99.994146
477 89.205533 99.971471 14.26293 0.038277 0.002239 99.994146
478 89.209118 99.971481 14.291217 0.038277 0.002239 99.994146
479 89.212717 99.971492 14.320105 0.038176 0.002239 99.994146
480 89.216328 99.971502 14.349595 0.038176 0.002224 99.994146
481 89.219953 99.971513 14.378483 0.038176 0.002224 99.994146
482 89.223592 99.971523 14.407371 0.038076 0.002224 99.994146
483 89.227244 99.971536 14.436861 0.038076 0.002224 99.994146
484 89.230909 99.971546 14.466351 0.037976 0.002224 99.994146
485 89.234588 99.971557 14.495841 0.037976 0.002224 99.994146
486 89.238281 99.971567 14.525331 0.037976 0.002224 99.994146
487 89.241988 99.97158 14.555423 0.037876 0.00221 99.994146
488 89.245708 99.97159 14.584913 0.037876 0.00221 99.994146
489 89.249443 99.971601 14.615005 0.037876 0.00221 99.994146
490 89.253191 99.971614 14.645097 0.037776 0.00221 99.994146
491 89.256953 99.971624 14.675189 0.037776 0.00221 99.994146
492 89.26073 99.971634 14.705882 0.037776 0.00221 99.994146
493 89.264521 99.971647 14.735974 0.037675 0.00221 99.994146
494 89.268326 99.971658 14.766668 0.037675 0.00221 99.994146
495 89.272145 99.971668 14.797362 0.037675 0.002195 99.994146
496 89.275979 99.971681 14.828055 0.037575 0.002195 99.99561
497 89.279827 99.971691 14.858749 0.037575 0.002195 99.99561
498 89.28369 99.971704 14.890044 0.037575 0.002195 99.99561
499 89.287568 99.971715 14.92134 0.037575 0.002195 99.99561
500 89.29146 99.971728 14.952034 0.037475 0.002195 99.99561
501 89.295367 99.971738 14.983931 0.037475 0.002195 99.99561
502 89.299289 99.971751 15.015226 0.037475 0.002181 99.99561
503 89.303226 99.971761 15.046522 0.037375 0.002181 99.99561
504 89.307178 99.971774 15.078419 0.037375 0.002181 99.99561
505 89.311146 99.971785 15.110317 0.037375 0.002181 99.99561
506 89.315128 99.971798 15.142214 0.037275 0.002181 99.99561
507 89.319126 99.971811 15.174713 0.037275 0.002181 99.99561
508 89.323139 99.971821 15.206611 0.037275 0.002181 99.99561
509 89.327168 99.971834 15.23911 0.037174 0.002181 99.99561
510 89.331212 99.971847 15.271609 0.037174 0.002166 99.99561
511 89.335272 99.971857 15.304108 0.037174 0.002166 99.99561
512 89.339347 99.97187 15.336607 0.037174 0.002166 99.99561
513 89.343439 99.971883 15.369708 0.037074 0.002166 99.99561
514 89.347546 99.971894 15.402809 0.037074 0.002166 99.99561
515 89.351669 99.971906 15.43591 0.037074 0.002166 99.99561
516 89.355809 99.971919 15.469011 0.036974 0.002166 99.99561
517 89.359964 99.971932 15.502112 0.036974 0.002166 99.99561
518 89.364136 99.971943 15.535815 0.036974 0.002151 99.99561
519 89.368324 99.971956 15.569518 0.036974 0.002151 99.99561
520 89.372528 99.971969 15.603221 0.036874 0.002151 99.99561
521 89.376749 99.971982 15.636924 0.036874 0.002151 99.99561
522 89.380987 99.971995 15.671229 0.036874 0.002151 99.99561
523 89.385241 99.972008 15.705533 0.036874 0.002151 99.99561
524 89.389512 99.972021 15.739838 0.036774 0.002151 99.99561
525 89.3938 99.972033 15.774143 0.036774 0.002151 99.99561
526 89.398105 99.972046 15.808447 0.036774 0.002151 99.99561
527 89.402427 99.972057 15.843354 0.036673 0.002137 99.99561
528 89.406766 99.97207 15.87826 0.036673 0.002137 99.99561
529 89.411123 99.972083 15.913167 0.036673 0.002137 99.99561
530 89.415496 99.972096 15.948074 0.036673 0.002137 99.99561
531 89.419887 99.972111 15.983582 0.036573 0.002137 99.99561
532 89.424296 99.972124 16.01909 0.036573 0.002137 99.99561
533 89.428722 99.972137 16.054599 0.036573 0.002137 99.99561
534 89.433166 99.97215 16.090107 0.036573 0.002137 99.99561
535 89.437628 99.972163 16.126217 0.036473 0.002137 99.99561
536 89.442108 99.972176 16.161726 0.036473 0.002122 99.99561
537 89.446606 99.972189 16.198438 0.036473 0.002122 99.99561
538 89.451122 99.972202 16.234548 0.036473 0.002122 99.99561
539 89.455656 99.972217 16.270658 0.036373 0.002122 99.99561
540 89.460208 99.97223 16.30737 0.036373 0.002122 99.99561
541 89.46478 99.972243 16.344082 0.036373 0.002122 99.99561
542 89.469369 99.972256 16.380794 0.036373 0.002122 99.99561
543 89.473977 99.972272 16.418108 0.036273 0.002122 99.99561
544 89.478604 99.972285 16.455422 0.036273 0.002122 99.99561
545 89.48325 99.972298 16.492736 0.036273 0.002107 99.99561
546 89.487914 99.972313 16.53005 0.036273 0.002107 99.99561
547 89.492598 99.972326 16.567364 0.036172 0.002107 99.99561
548 89.497301 99.972339 16.605279 0.036172 0.002107 99.99561
549 89.502023 99.972355 16.643195 0.036172 0.002107 99.99561
550 89.506765 99.972368 16.681713 0.036172 0.002107 99.99561
551 89.511526 99.972383 16.719628 0.036172 0.002107 99.99561
552 89.516306 99.972396 16.758146 0.036072 0.002107 99.99561
553 89.521107 99.972412 16.796663 0.036072 0.002107 99.99561
554 89.525927 99.972425 16.835181 0.036072 0.002107 99.99561
555 89.530767 99.97244 16.8743 0.036072 0.002093 99.99561
556 89.535627 99.972453 16.91342 0.035972 0.002093 99.99561
557 89.540508 99.972469 16.952539 0.035972 0.002093 99.99561
558 89.545408 99.972484 16.991659 0.035972 0.002093 99.99561
559 89.55033 99.972497 17.03138 0.035972 0.002093 99.99561
560 89.555271 99.972513 17.071101 0.035972 0.002093 99.99561
561 89.560233 99.972528 17.110822 0.035872 0.002093 99.99561
562 89.565216 99.972541 17.151145 0.035872 0.002093 99.99561
563 89.57022 99.972557 17.191468 0.035872 0.002093 99.99561
564 89.575245 99.972572 17.231791 0.035872 0.002093 99.99561
565 89.580291 99.972588 17.272114 0.035772 0.002093 99.99561
566 89.585358 99.972601 17.313039 0.035772 0.002078 99.99561
567 89.590447 99.972617 17.353964 0.035772 0.002078 99.99561
568 89.595557 99.972632 17.394889 0.035772 0.002078 99.99561
569 89.600689 99.972648 17.435814 0.035772 0.002078 99.99561
570 89.605842 99.972663 17.477341 0.035671 0.002078 99.99561
571 89.611017 99.972679 17.518868 0.035671 0.002078 99.99561
572 89.616214 99.972694 17.560996 0.035671 0.002078 99.99561
573 89.621434 99.97271 17.602523 0.035671 0.002078 99.99561
574 89.626675 99.972725 17.644651 0.035671 0.002078 99.99561
575 89.631939 99.972741 17.687382 0.035571 0.002078 99.99561
576 89.637226 99.972756 17.72951 0.035571 0.002078 99.99561
