0 4.621631 Infinity 4.621631 3.09E-004 866.293588 0.229692 0.219779 1.41E-004 5.49E-004 0.002708 0
1 4.3931 Infinity 3.559829 0.111395 866.171304 0.032289 8.04543 0.002589 4.64E-004 0.001268 0.010997
2 4.278204 Infinity 2.179848 0.393702 865.845812 0.042107 15.205314 0.004848 1.57E-004 9.73E-004 0.053275
3 4.289337 Infinity 1.694707 0.912526 865.313885 0.063159 23.06173 0.00726 1.48E-005 4.45E-004 0.064641
4 4.21561 Infinity 1.492753 1.646788 864.574209 0.12566 30.909509 0.009605 7.94E-006 2.51E-004 0.066885
5 4.203218 Infinity 1.384448 2.559244 863.65585 0.774054 37.772432 0.011615 2.69E-005 1.63E-004 0.067583
6 4.066897 Infinity 1.316248 3.551737 862.654421 5.163174 38.565063 0.011869 1.52E-004 1.17E-004 0.067821
7 3.931207 Infinity 1.266712 4.553092 861.63986 7.559148 38.573064 0.011885 1.77E-004 9.18E-005 0.067945
8 3.895919 Infinity 1.22858 5.54548 860.631124 8.634358 38.575192 0.011898 1.67E-004 7.54E-005 0.068021
9 3.943809 Infinity 1.19755 6.537405 859.62006 9.122412 38.576013 0.011911 1.50E-004 6.40E-005 0.068073
10 3.864622 Infinity 1.17147 7.529609 858.606101 9.344761 38.576378 0.011924 1.34E-004 5.56E-005 0.068111
11 3.839626 Infinity 1.149091 8.519532 857.591949 9.446625 38.576555 0.011938 1.19E-004 4.92E-005 0.06814
12 3.739434 Infinity 1.12954 9.507062 856.577766 9.494072 38.576649 0.011951 1.08E-004 4.41E-005 0.068162
13 3.459021 Infinity 1.112214 10.492291 855.563481 9.516819 38.576703 0.011964 9.78E-005 3.99E-005 0.06818
14 3.536738 Infinity 1.096684 11.475066 854.549266 9.528246 38.576738 0.011977 8.96E-005 3.65E-005 0.068194
15 3.36576 Infinity 1.082629 12.455452 853.535061 9.534405 38.576763 0.01199 8.26E-005 3.37E-005 0.068206
16 3.285312 Infinity 1.069813 13.433068 852.521271 9.538049 38.576783 0.012004 7.67E-005 3.12E-005 0.068216
17 3.146051 Infinity 1.058038 14.408598 851.507193 9.540445 38.576798 0.012017 7.15E-005 2.91E-005 0.068225
18 3.084507 Infinity 1.047162 15.381503 850.493393 9.542182 38.576811 0.01203 6.71E-005 2.73E-005 0.068233
19 3.153192 Infinity 1.037063 16.351911 849.479745 9.543545 38.576823 0.012043 6.31E-005 2.57E-005 0.068239
20 3.09858 Infinity 1.027643 17.319971 848.466099 9.544674 38.576833 0.012057 5.96E-005 2.42E-005 0.068245
21 3.014771 Infinity 1.018819 18.285785 847.452355 9.545645 38.576842 0.01207 5.65E-005 2.29E-005 0.06825
22 2.791071 Infinity 1.010529 19.249022 846.438864 9.5465 38.57685 0.012084 5.37E-005 2.18E-005 0.068255
23 2.849464 Infinity 1.00271 20.210075 845.425221 9.547264 38.576857 0.012097 5.11E-005 2.08E-005 0.068259
24 2.878451 Infinity 0.995321 21.168366 844.412041 9.547955 38.576864 0.01211 4.88E-005 1.98E-005 0.068262
25 2.909118 Infinity 0.988315 22.124373 843.398826 9.548586 38.57687 0.012124 4.67E-005 1.90E-005 0.068266
26 2.779939 Infinity 0.981656 23.07819 842.385481 9.549166 38.576876 0.012137 4.48E-005 1.82E-005 0.068269
27 2.789601 Infinity 0.975316 24.029557 841.372289 9.549701 38.576881 0.012151 4.30E-005 1.75E-005 0.068272
28 2.87677 Infinity 0.969266 24.978507 840.359219 9.550199 38.576886 0.012165 4.14E-005 1.68E-005 0.068274
29 2.870679 Infinity 0.963484 25.924847 839.346486 9.550664 38.576891 0.012178 3.99E-005 1.62E-005 0.068277
30 2.718815 829.723674 0.957946 26.869008 838.333635 9.551099 38.576895 0.012192 3.85E-005 1.56E-005 0.068279
31 2.78498 Infinity 0.952635 27.810777 837.3209 9.551509 38.5769 0.012205 3.72E-005 1.51E-005 0.068281
32 2.638367 Infinity 0.947534 28.750149 836.308293 9.551897 38.576904 0.012219 3.60E-005 1.46E-005 0.068283
33 2.614422 Infinity 0.942626 29.687314 835.295614 9.552264 38.576907 0.012233 3.49E-005 1.41E-005 0.068284
34 2.549937 Infinity 0.937901 30.621998 834.283165 9.552614 38.576911 0.012247 3.38E-005 1.37E-005 0.068286
35 2.532293 Infinity 0.933345 31.554516 833.270611 9.552947 38.576914 0.01226 3.28E-005 1.33E-005 0.068287
36 2.511919 Infinity 0.928947 32.484542 832.258314 9.553265 38.576918 0.012274 3.19E-005 1.29E-005 0.068289
37 2.469909 Infinity 0.924698 33.412048 831.24631 9.553571 38.576921 0.012288 3.10E-005 1.26E-005 0.06829
38 2.311534 Infinity 0.920588 34.33741 830.234194 9.553864 38.576924 0.012302 3.02E-005 1.22E-005 0.068292
39 2.186766 Infinity 0.916608 35.260439 829.222181 9.554147 38.576927 0.012316 2.94E-005 1.19E-005 0.068293
40 2.164921 Infinity 0.912752 36.181191 828.210213 9.55442 38.57693 0.01233 2.86E-005 1.16E-005 0.068294
41 2.20693 Infinity 0.909012 37.099721 827.198236 9.554684 38.576932 0.012344 2.79E-005 1.13E-005 0.068295
42 2.123332 Infinity 0.905382 38.0157 826.18662 9.55494 38.576935 0.012358 2.73E-005 1.10E-005 0.068296
43 2.272255 Infinity 0.901856 38.929592 825.174857 9.555188 38.576938 0.012372 2.66E-005 1.08E-005 0.068297
44 2.217013 Infinity 0.898429 39.841014 824.16338 9.555429 38.57694 0.012386 2.60E-005 1.05E-005 0.068298
45 2.079432 Infinity 0.895095 40.750276 823.151849 9.555664 38.576943 0.0124 2.54E-005 1.03E-005 0.068299
46 2.033221 Infinity 0.891851 41.657203 822.140465 9.555893 38.576945 0.012414 2.49E-005 1.01E-005 0.068299
47 1.895641 Infinity 0.88869 42.56188 821.129138 9.556116 38.576948 0.012428 2.44E-005 9.86E-006 0.0683
48 1.860353 Infinity 0.885611 43.464151 820.118052 9.556335 38.57695 0.012442 2.39E-005 9.66E-006 0.068301
49 1.76079 Infinity 0.882608 44.364271 819.106925 9.556548 38.576952 0.012457 2.34E-005 9.46E-006 0.068302
50 1.738315 Infinity 0.879679 45.26214 818.095875 9.556758 38.576954 0.012471 2.29E-005 9.28E-006 0.068302
51 1.836827 Infinity 0.876819 46.157732 817.08494 9.556963 38.576957 0.012485 2.25E-005 9.10E-006 0.068303
52 1.751128 Infinity 0.874027 47.050996 816.074181 9.557165 38.576959 0.012499 2.20E-005 8.92E-006 0.068304
53 1.599684 Infinity 0.871298 47.942131 815.06338 9.557363 38.576961 0.012514 2.16E-005 8.76E-006 0.068304
54 1.660178 Infinity 0.868632 48.830831 814.05289 9.557558 38.576963 0.012528 2.12E-005 8.60E-006 0.068305
55 1.717731 Infinity 0.866023 49.71751 813.042247 9.55775 38.576965 0.012542 2.09E-005 8.45E-006 0.068305
56 1.71479 Infinity 0.863471 50.601868 812.031799 9.557939 38.576967 0.012557 2.05E-005 8.30E-006 0.068306
57 1.617748 Infinity 0.860974 51.483961 811.021488 9.558126 38.576969 0.012571 2.01E-005 8.16E-006 0.068306
58 1.823174 Infinity 0.858529 52.363854 810.011245 9.55831 38.576971 0.012586 1.98E-005 8.02E-006 0.068307
59 1.734535 Infinity 0.856133 53.241553 809.00107 9.558491 38.576973 0.0126 1.95E-005 7.89E-006 0.068307
60 1.883668 781.179985 0.853787 54.116995 807.991041 9.558671 38.576975 0.012615 1.92E-005 7.76E-006 0.068308
61 1.956974 Infinity 0.851486 54.990305 806.981021 9.558848 38.576977 0.012629 1.89E-005 7.64E-006 0.068308
62 1.888919 Infinity 0.84923 55.861323 805.9712 9.559024 38.576979 0.012644 1.86E-005 7.52E-006 0.068309
63 1.775494 Infinity 0.847018 56.730197 804.961413 9.559198 38.57698 0.012659 1.83E-005 7.40E-006 0.068309
64 1.729493 Infinity 0.844847 57.596793 803.951822 9.55937 38.576982 0.012673 1.80E-005 7.29E-006 0.068309
65 1.593593 Infinity 0.842716 58.461354 802.942151 9.55954 38.576984 0.012688 1.77E-005 7.18E-006 0.06831
66 1.49025 Infinity 0.840624 59.323584 801.93275 9.559709 38.576986 0.012703 1.75E-005 7.08E-006 0.06831
67 1.440469 Infinity 0.83857 60.183714 800.923356 9.559877 38.576988 0.012718 1.72E-005 6.98E-006 0.06831
68 1.397199 Infinity 0.836552 61.041741 799.913977 9.560043 38.576989 0.012733 1.70E-005 6.88E-006 0.068311
69 1.396989 Infinity 0.834569 61.897486 798.904832 9.560208 38.576991 0.012747 1.68E-005 6.78E-006 0.068311
70 1.433117 Infinity 0.83262 62.751081 797.89577 9.560372 38.576993 0.012762 1.65E-005 6.69E-006 0.068311
71 1.383756 Infinity 0.830704 63.602548 796.886771 9.560534 38.576995 0.012777 1.63E-005 6.60E-006 0.068312
72 1.406861 Infinity 0.82882 64.451858 795.877877 9.560696 38.576997 0.012792 1.61E-005 6.52E-006 0.068312
73 1.320742 Infinity 0.826967 65.299001 794.869105 9.560857 38.576998 0.012807 1.59E-005 6.43E-006 0.068312
74 1.472606 Infinity 0.825144 66.144041 793.860383 9.561017 38.577 0.012822 1.57E-005 6.35E-006 0.068313
75 1.424715 Infinity 0.823349 66.986981 792.851716 9.561176 38.577002 0.012837 1.55E-005 6.27E-006 0.068313
76 1.411062 Infinity 0.821584 67.827656 791.843308 9.561334 38.577003 0.012852 1.53E-005 6.19E-006 0.068313
77 1.458953 Infinity 0.819845 68.666307 790.834875 9.561491 38.577005 0.012867 1.51E-005 6.12E-006 0.068313
78 1.512515 Infinity 0.818133 69.502758 789.826633 9.561648 38.577007 0.012883 1.49E-005 6.04E-006 0.068314
79 1.435217 Infinity 0.816447 70.337223 788.818334 9.561803 38.577008 0.012898 1.48E-005 5.97E-006 0.068314
80 1.31339 Infinity 0.814787 71.169473 787.810257 9.561959 38.57701 0.012913 1.46E-005 5.90E-006 0.068314
81 1.366742 Infinity 0.81315 71.999621 786.802274 9.562113 38.577012 0.012928 1.44E-005 5.83E-006 0.068314
82 1.475547 Infinity 0.811538 72.827682 785.794373 9.562267 38.577013 0.012943 1.43E-005 5.77E-006 0.068315
83 1.457062 Infinity 0.809949 73.653598 784.786628 9.562421 38.577015 0.012959 1.41E-005 5.70E-006 0.068315
84 1.380605 Infinity 0.808382 74.477483 783.778909 9.562574 38.577017 0.012974 1.39E-005 5.64E-006 0.068315
85 1.353509 Infinity 0.806837 75.299289 782.771279 9.562727 38.577018 0.01299 1.38E-005 5.58E-006 0.068315
86 1.40035 Infinity 0.805314 76.11894 781.763838 9.562879 38.57702 0.013005 1.36E-005 5.52E-006 0.068316
87 1.353929 Infinity 0.803811 76.936571 780.756426 9.563031 38.577022 0.01302 1.35E-005 5.46E-006 0.068316
88 1.31234 Infinity 0.802329 77.752101 779.749149 9.563182 38.577023 0.013036 1.34E-005 5.40E-006 0.068316
89 1.449711 Infinity 0.800867 78.565567 778.741968 9.563333 38.577025 0.013051 1.32E-005 5.35E-006 0.068316
90 1.495711 Infinity 0.799424 79.376992 777.734859 9.563484 38.577027 0.013067 1.31E-005 5.29E-006 0.068316
91 1.414633 Infinity 0.797999 80.186388 776.727815 9.563634 38.577028 0.013083 1.30E-005 5.24E-006 0.068316
92 1.240714 Infinity 0.796594 80.993643 775.720981 9.563784 38.57703 0.013098 1.28E-005 5.18E-006 0.068317
93 1.407071 Infinity 0.795206 81.798907 774.714174 9.563934 38.577031 0.013114 1.27E-005 5.13E-006 0.068317
94 1.338386 Infinity 0.793835 82.602094 773.707511 9.564084 38.577033 0.01313 1.26E-005 5.08E-006 0.068317
95 1.340906 786.407767 0.792482 83.403256 772.700932 9.564233 38.577035 0.013145 1.25E-005 5.04E-006 0.068317
96 1.254157 Infinity 0.791146 84.202378 771.69446 9.564382 38.577036 0.013161 1.23E-005 4.99E-006 0.068317
97 1.405601 Infinity 0.789826 84.999463 770.6881 9.564531 38.577038 0.013177 1.22E-005 4.94E-006 0.068317
98 1.340276 Infinity 0.788522 85.794548 769.681808 9.56468 38.57704 0.013193 1.21E-005 4.89E-006 0.068318
99 1.3554 Infinity 0.787233 86.587566 768.675679 9.564828 38.577041 0.013209 1.20E-005 4.85E-006 0.068318
100 1.147453 Infinity 0.78596 87.378547 767.669679 9.564977 38.577043 0.013225 1.19E-005 4.81E-006 0.068318
101 1.184211 Infinity 0.784702 88.167573 766.66371 9.565125 38.577044 0.013241 1.18E-005 4.76E-006 0.068318
102 1.2237 Infinity 0.783458 88.954633 765.657792 9.565274 38.577046 0.013257 1.17E-005 4.72E-006 0.068318
103 1.22349 Infinity 0.782229 89.739551 764.652155 9.565422 38.577048 0.013273 1.16E-005 4.68E-006 0.068318
104 1.26886 Infinity 0.781014 90.522549 763.646524 9.56557 38.577049 0.013289 1.15E-005 4.64E-006 0.068318
105 1.2237 Infinity 0.779812 91.303599 762.640937 9.565718 38.577051 0.013305 1.14E-005 4.60E-006 0.068319
106 1.165097 Infinity 0.778624 92.0826 761.635533 9.565866 38.577052 0.013321 1.13E-005 4.56E-006 0.068319
107 1.156905 Infinity 0.777449 92.859593 760.630265 9.566014 38.577054 0.013337 1.12E-005 4.52E-006 0.068319
108 1.199125 Infinity 0.776287 93.63464 759.625058 9.566162 38.577056 0.013354 1.11E-005 4.49E-006 0.068319
109 1.115316 Infinity 0.775137 94.407701 758.619969 9.566309 38.577057 0.01337 1.10E-005 4.45E-006 0.068319
110 1.129809 Infinity 0.774 95.178812 757.614961 9.566457 38.577059 0.013386 1.09E-005 4.41E-006 0.068319
111 1.083179 Infinity 0.772875 95.94798 756.610027 9.566605 38.57706 0.013402 1.08E-005 4.38E-006 0.068319
112 1.08717 Infinity 0.771762 96.715145 755.605253 9.566753 38.577062 0.013419 1.07E-005 4.34E-006 0.068319
113 1.012603 Infinity 0.770661 97.480355 754.600582 9.566901 38.577064 0.013435 1.07E-005 4.31E-006 0.06832
114 0.913461 Infinity 0.769571 98.243559 753.596088 9.567049 38.577065 0.013452 1.06E-005 4.27E-006 0.06832
115 1.024155 Infinity 0.768492 99.004884 752.59161 9.567197 38.577067 0.013468 1.05E-005 4.24E-006 0.06832
116 1.074777 Infinity 0.767424 99.764245 751.587264 9.567344 38.577068 0.013485 1.04E-005 4.21E-006 0.06832
117 0.977105 Infinity 0.766367 100.52165 750.58305 9.567492 38.57707 0.013501 1.03E-005 4.18E-006 0.06832
118 1.028566 Infinity 0.76532 101.277129 749.578929 9.567641 38.577072 0.013518 1.03E-005 4.15E-006 0.06832
119 1.093261 Infinity 0.764284 102.030688 748.574903 9.567789 38.577073 0.013535 1.02E-005 4.12E-006 0.06832
120 1.227901 749.813294 0.763258 102.782349 747.570948 9.567937 38.577075 0.013551 1.01E-005 4.09E-006 0.06832
121 1.212148 Infinity 0.762242 103.532007 746.567208 9.568085 38.577076 0.013568 1.00E-005 4.06E-006 0.06832
122 1.048941 Infinity 0.761236 104.279816 745.563487 9.568234 38.577078 0.013585 9.97E-006 4.03E-006 0.068321
123 1.18022 Infinity 0.76024 105.025651 744.559956 9.568382 38.57708 0.013602 9.90E-006 4.00E-006 0.068321
124 1.238613 Infinity 0.759253 105.76961 743.55649 9.568531 38.577081 0.013618 9.83E-006 3.97E-006 0.068321
125 1.09053 Infinity 0.758275 106.511696 742.553091 9.56868 38.577083 0.013635 9.76E-006 3.94E-006 0.068321
126 1.08759 Infinity 0.757307 107.251832 741.549869 9.568828 38.577084 0.013652 9.69E-006 3.92E-006 0.068321
127 0.971854 Infinity 0.756347 107.99007 740.546759 9.568977 38.577086 0.013669 9.62E-006 3.89E-006 0.068321
128 1.007352 Infinity 0.755397 108.726432 739.543741 9.569126 38.577088 0.013686 9.56E-006 3.86E-006 0.068321
129 0.968913 Infinity 0.754455 109.460936 738.540791 9.569276 38.577089 0.013703 9.50E-006 3.84E-006 0.068321
130 1.013863 Infinity 0.753522 110.193506 737.538024 9.569425 38.577091 0.01372 9.43E-006 3.81E-006 0.068321
131 1.007562 Infinity 0.752597 110.924233 736.535317 9.569575 38.577092 0.013738 9.37E-006 3.79E-006 0.068321
132 0.961561 Infinity 0.75168 111.653057 735.532763 9.569724 38.577094 0.013755 9.31E-006 3.76E-006 0.068321
133 0.903798 Infinity 0.750771 112.380039 734.530279 9.569874 38.577096 0.013772 9.25E-006 3.74E-006 0.068321
134 1.024576 Infinity 0.749871 113.105134 733.527939 9.570024 38.577097 0.013789 9.19E-006 3.71E-006 0.068322
135 1.04579 Infinity 0.748978 113.828368 732.525708 9.570174 38.577099 0.013807 9.13E-006 3.69E-006 0.068322
136 1.065955 Infinity 0.748093 114.549706 731.523644 9.570325 38.577101 0.013824 9.08E-006 3.67E-006 0.068322
137 1.007142 Infinity 0.747216 115.269255 730.521604 9.570475 38.577102 0.013841 9.02E-006 3.64E-006 0.068322
138 1.004621 Infinity 0.746346 115.986933 729.519707 9.570626 38.577104 0.013859 8.96E-006 3.62E-006 0.068322
139 0.972694 Infinity 0.745483 116.702758 728.517935 9.570777 38.577106 0.013876 8.91E-006 3.60E-006 0.068322
140 0.855908 Infinity 0.744628 117.416703 727.51633 9.570928 38.577107 0.013894 8.85E-006 3.58E-006 0.068322
141 0.610153 Infinity 0.74378 118.128864 726.514767 9.571079 38.577109 0.013911 8.80E-006 3.56E-006 0.068322
142 0.714336 Infinity 0.742939 118.839176 725.51334 9.571231 38.57711 0.013929 8.75E-006 3.53E-006 0.068322
143 0.899808 Infinity 0.742104 119.547648 724.512046 9.571383 38.577112 0.013946 8.70E-006 3.51E-006 0.068322
144 0.972484 Infinity 0.741277 120.254332 723.510814 9.571535 38.577114 0.013964 8.65E-006 3.49E-006 0.068322
145 1.010082 Infinity 0.740456 120.959167 722.509739 9.571687 38.577115 0.013982 8.60E-006 3.47E-006 0.068322
146 1.016804 Infinity 0.739642 121.66215 721.508831 9.571839 38.577117 0.014 8.55E-006 3.45E-006 0.068322
147 1.024155 Infinity 0.738835 122.363397 720.50793 9.571992 38.577119 0.014017 8.50E-006 3.43E-006 0.068322
148 0.879223 Infinity 0.738034 123.062782 719.507223 9.572145 38.57712 0.014035 8.45E-006 3.41E-006 0.068323
149 0.831332 Infinity 0.737239 123.760366 718.506627 9.572298 38.577122 0.014053 8.40E-006 3.39E-006 0.068323
150 0.809487 745.332338 0.73645 124.456168 717.506124 9.572451 38.577124 0.014071 8.36E-006 3.37E-006 0.068323
151 0.875232 Infinity 0.735668 125.150148 716.505774 9.572605 38.577125 0.014089 8.31E-006 3.36E-006 0.068323
152 0.885734 Infinity 0.734892 125.842363 715.505504 9.572759 38.577127 0.014107 8.26E-006 3.34E-006 0.068323
153 0.987397 Infinity 0.734121 126.532796 714.505343 9.572913 38.577129 0.014125 8.22E-006 3.32E-006 0.068323
154 0.929424 Infinity 0.733357 127.2214 713.505365 9.573067 38.57713 0.014143 8.17E-006 3.30E-006 0.068323
155 0.903378 Infinity 0.732598 127.908241 712.505482 9.573221 38.577132 0.014161 8.13E-006 3.28E-006 0.068323
156 0.894766 Infinity 0.731845 128.593335 711.505675 9.573376 38.577134 0.01418 8.09E-006 3.27E-006 0.068323
157 0.86536 Infinity 0.731098 129.276647 710.506003 9.573531 38.577135 0.014198 8.05E-006 3.25E-006 0.068323
158 0.932155 Infinity 0.730356 129.958152 709.506508 9.573687 38.577137 0.014216 8.00E-006 3.23E-006 0.068323
159 0.904849 Infinity 0.72962 130.637937 708.507067 9.573842 38.577139 0.014234 7.96E-006 3.21E-006 0.068323
160 0.977525 Infinity 0.728889 131.315942 707.507776 9.573998 38.57714 0.014253 7.92E-006 3.20E-006 0.068323
161 0.992228 Infinity 0.728163 131.992176 706.508627 9.574154 38.577142 0.014271 7.88E-006 3.18E-006 0.068323
162 0.846036 Infinity 0.727443 132.666698 705.509539 9.574311 38.577144 0.01429 7.84E-006 3.17E-006 0.068323
163 0.857798 Infinity 0.726728 133.339431 704.510635 9.574467 38.577145 0.014308 7.80E-006 3.15E-006 0.068323
164 0.929844 Infinity 0.726018 134.010467 703.511779 9.574624 38.577147 0.014327 7.76E-006 3.13E-006 0.068323
165 0.921442 Infinity 0.725313 134.679704 702.513134 9.574782 38.577149 0.014345 7.72E-006 3.12E-006 0.068323
166 0.968913 Infinity 0.724613 135.347239 701.514559 9.574939 38.577151 0.014364 7.69E-006 3.10E-006 0.068324
167 0.947908 Infinity 0.723918 136.013033 700.516117 9.575097 38.577152 0.014383 7.65E-006 3.09E-006 0.068324
168 1.039489 Infinity 0.723227 136.677111 699.51778 9.575255 38.577154 0.014402 7.61E-006 3.07E-006 0.068324
169 1.060284 Infinity 0.722542 137.339428 698.51962 9.575414 38.577156 0.01442 7.57E-006 3.06E-006 0.068324
170 0.982146 Infinity 0.721861 138.000054 697.521537 9.575573 38.577157 0.014439 7.54E-006 3.04E-006 0.068324
171 0.984036 Infinity 0.721185 138.658986 696.523543 9.575732 38.577159 0.014458 7.50E-006 3.03E-006 0.068324
172 0.977945 Infinity 0.720514 139.316163 695.525737 9.575891 38.577161 0.014477 7.47E-006 3.01E-006 0.068324
173 1.047681 Infinity 0.719847 139.971649 694.528027 9.576051 38.577163 0.014496 7.43E-006 3.00E-006 0.068324
174 0.933415 Infinity 0.719185 140.625394 693.530493 9.576211 38.577164 0.014515 7.40E-006 2.99E-006 0.068324
175 0.879853 Infinity 0.718527 141.277465 692.533042 9.576371 38.577166 0.014534 7.36E-006 2.97E-006 0.068324
176 0.828182 Infinity 0.717873 141.927832 691.535726 9.576532 38.577168 0.014553 7.33E-006 2.96E-006 0.068324
177 0.787222 Infinity 0.717224 142.576502 690.538539 9.576693 38.57717 0.014572 7.30E-006 2.95E-006 0.068324
178 0.800875 Infinity 0.716579 143.223526 689.541408 9.576854 38.577171 0.014592 7.26E-006 2.93E-006 0.068324
179 0.832803 Infinity 0.715938 143.868798 688.544504 9.577016 38.577173 0.014611 7.23E-006 2.92E-006 0.068324
180 0.786172 Infinity 0.715302 144.512419 687.547677 9.577178 38.577175 0.01463 7.20E-006 2.91E-006 0.068324
181 0.813058 Infinity 0.714669 145.154349 686.550994 9.57734 38.577177 0.01465 7.17E-006 2.89E-006 0.068324
182 0.77651 Infinity 0.714041 145.79461 685.554429 9.577502 38.577178 0.014669 7.14E-006 2.88E-006 0.068324
183 0.691651 Infinity 0.713417 146.433206 684.55798 9.577665 38.57718 0.014688 7.11E-006 2.87E-006 0.068324
184 0.655733 Infinity 0.712796 147.070114 683.56169 9.577829 38.577182 0.014708 7.08E-006 2.86E-006 0.068324
185 0.710765 Infinity 0.71218 147.705378 682.565495 9.577992 38.577184 0.014727 7.05E-006 2.84E-006 0.068324
186 0.695642 Infinity 0.711567 148.338972 681.569443 9.578156 38.577185 0.014747 7.02E-006 2.83E-006 0.068324
187 0.706564 Infinity 0.710959 148.970883 680.573561 9.578321 38.577187 0.014767 6.99E-006 2.82E-006 0.068324
188 0.667075 Infinity 0.710354 149.601176 679.57775 9.578485 38.577189 0.014786 6.96E-006 2.81E-006 0.068324
189 0.737231 Infinity 0.709753 150.229805 678.582093 9.57865 38.577191 0.014806 6.93E-006 2.80E-006 0.068324
190 0.746683 Infinity 0.709155 150.856773 677.586588 9.578816 38.577192 0.014826 6.90E-006 2.78E-006 0.068325
191 0.720007 Infinity 0.708561 151.482129 676.591166 9.578981 38.577194 0.014846 6.87E-006 2.77E-006 0.068325
192 0.735131 Infinity 0.707971 152.105845 675.595873 9.579147 38.577196 0.014866 6.84E-006 2.76E-006 0.068325
193 0.798565 Infinity 0.707385 152.727904 674.600748 9.579314 38.577198 0.014886 6.81E-006 2.75E-006 0.068325
194 0.760336 Infinity 0.706802 153.348343 673.605735 9.579481 38.5772 0.014906 6.79E-006 2.74E-006 0.068325
195 0.762437 Infinity 0.706222 153.967142 672.610871 9.579648 38.577201 0.014926 6.76E-006 2.73E-006 0.068325
196 0.636619 Infinity 0.705646 154.584316 671.616141 9.579815 38.577203 0.014946 6.73E-006 2.72E-006 0.068325
197 0.574235 Infinity 0.705073 155.199894 670.621501 9.579983 38.577205 0.014966 6.71E-006 2.71E-006 0.068325
198 0.614564 Infinity 0.704504 155.813838 669.627021 9.580152 38.577207 0.014986 6.68E-006 2.70E-006 0.068325
199 0.662874 Infinity 0.703938 156.426143 668.632716 9.58032 38.577209 0.015007 6.65E-006 2.68E-006 0.068325
200 0.64166 Infinity 0.703375 157.036861 667.638505 9.580489 38.577211 0.015027 6.63E-006 2.67E-006 0.068325
201 0.619185 Infinity 0.702816 157.645966 666.644438 9.580659 38.577212 0.015047 6.60E-006 2.66E-006 0.068325
202 0.648801 Infinity 0.70226 158.253468 665.650504 9.580828 38.577214 0.015068 6.58E-006 2.65E-006 0.068325
203 0.663925 Infinity 0.701707 158.859377 664.656693 9.580999 38.577216 0.015088 6.55E-006 2.64E-006 0.068325
204 0.563942 Infinity 0.701157 159.463703 663.662996 9.581169 38.577218 0.015109 6.53E-006 2.63E-006 0.068325
205 0.624226 Infinity 0.700611 160.066426 662.669451 9.58134 38.57722 0.015129 6.50E-006 2.62E-006 0.068325
206 0.609102 Infinity 0.700067 160.667549 661.676058 9.581511 38.577222 0.01515 6.48E-006 2.61E-006 0.068325
207 0.690811 Infinity 0.699527 161.267089 660.682796 9.581683 38.577224 0.015171 6.46E-006 2.60E-006 0.068325
208 0.648171 Infinity 0.698989 161.865047 659.68967 9.581855 38.577225 0.015192 6.43E-006 2.59E-006 0.068325
209 0.570244 Infinity 0.698455 162.461414 658.696701 9.582028 38.577227 0.015212 6.41E-006 2.59E-006 0.068325
210 0.60007 660.941001 0.697923 163.056248 657.703796 9.582201 38.577229 0.015233 6.39E-006 2.58E-006 0.068325
211 0.609523 Infinity 0.697395 163.649474 656.711091 9.582374 38.577231 0.015254 6.36E-006 2.57E-006 0.068325
212 0.525924 Infinity 0.696869 164.241126 655.718531 9.582548 38.577233 0.015275 6.34E-006 2.56E-006 0.068325
213 0.585997 Infinity 0.696346 164.831222 654.726094 9.582722 38.577235 0.015296 6.32E-006 2.55E-006 0.068325
214 0.721688 Infinity 0.695827 165.419763 653.733784 9.582896 38.577237 0.015317 6.29E-006 2.54E-006 0.068325
215 0.704044 Infinity 0.69531 166.006764 652.741581 9.583071 38.577239 0.015338 6.27E-006 2.53E-006 0.068325
216 0.7763 Infinity 0.694795 166.592167 651.749591 9.583247 38.57724 0.015359 6.25E-006 2.52E-006 0.068325
217 0.73282 Infinity 0.694284 167.17605 650.757685 9.583423 38.577242 0.015381 6.23E-006 2.51E-006 0.068325
218 0.771889 Infinity 0.693775 167.758353 649.765975 9.583599 38.577244 0.015402 6.21E-006 2.50E-006 0.068325
219 0.743112 Infinity 0.693269 168.339151 648.774337 9.583775 38.577246 0.015423 6.19E-006 2.49E-006 0.068325
220 0.700893 Infinity 0.692766 168.91839 647.782868 9.583952 38.577248 0.015445 6.16E-006 2.49E-006 0.068325
221 0.709295 Infinity 0.692265 169.496085 646.791551 9.58413 38.57725 0.015466 6.14E-006 2.48E-006 0.068325
222 0.710135 Infinity 0.691767 170.072234 645.800394 9.584308 38.577252 0.015488 6.12E-006 2.47E-006 0.068326
223 0.719587 Infinity 0.691271 170.646884 644.809324 9.584486 38.577254 0.015509 6.10E-006 2.46E-006 0.068326
224 0.667706 Infinity 0.690779 171.219986 643.818429 9.584665 38.577256 0.015531 6.08E-006 2.45E-006 0.068326
225 0.582426 Infinity 0.690288 171.791567 642.827669 9.584844 38.577258 0.015553 6.06E-006 2.44E-006 0.068326
226 0.587047 Infinity 0.6898 172.361622 641.837061 9.585024 38.57726 0.015574 6.04E-006 2.44E-006 0.068326
227 0.522983 Infinity 0.689315 172.930149 640.846613 9.585204 38.577262 0.015596 6.02E-006 2.43E-006 0.068326
228 0.676948 Infinity 0.688832 173.497184 639.856268 9.585384 38.577264 0.015618 6.00E-006 2.42E-006 0.068326
229 0.611203 Infinity 0.688352 174.062688 638.8661 9.585565 38.577265 0.01564 5.98E-006 2.41E-006 0.068326
230 0.678838 Infinity 0.687874 174.626689 637.876068 9.585747 38.577267 0.015662 5.96E-006 2.41E-006 0.068326
231 0.613723 Infinity 0.687398 175.189198 636.886157 9.585928 38.577269 0.015684 5.95E-006 2.40E-006 0.068326
232 0.616244 Infinity 0.686925 175.7502 635.8964 9.586111 38.577271 0.015706 5.93E-006 2.39E-006 0.068326
233 0.649431 Infinity 0.686455 176.309695 634.906804 9.586293 38.577273 0.015728 5.91E-006 2.38E-006 0.068326
234 0.521093 Infinity 0.685986 176.867701 633.917342 9.586477 38.577275 0.015751 5.89E-006 2.37E-006 0.068326
235 0.455348 Infinity 0.68552 177.424214 632.928027 9.58666 38.577277 0.015773 5.87E-006 2.37E-006 0.068326
236 0.515421 Infinity 0.685056 177.979228 631.938875 9.586844 38.577279 0.015795 5.85E-006 2.36E-006 0.068326
237 0.468791 Infinity 0.684595 178.532766 630.949854 9.587029 38.577281 0.015818 5.84E-006 2.35E-006 0.068326
238 0.55176 Infinity 0.684135 179.084821 629.960981 9.587214 38.577283 0.01584 5.82E-006 2.35E-006 0.068326
239 0.589988 Infinity 0.683678 179.635389 628.97227 9.5874 38.577285 0.015863 5.80E-006 2.34E-006 0.068326
240 0.59671 Infinity 0.683224 180.184488 627.983694 9.587585 38.577287 0.015885 5.78E-006 2.33E-006 0.068326
241 0.636829 Infinity 0.682771 180.732097 626.995296 9.587772 38.577289 0.015908 5.76E-006 2.32E-006 0.068326
242 0.654893 Infinity 0.68232 181.278244 626.007033 9.587959 38.577291 0.015931 5.75E-006 2.32E-006 0.068326
243 0.55533 Infinity 0.681872 181.822945 625.018881 9.588146 38.577293 0.015953 5.73E-006 2.31E-006 0.068326
244 0.55218 Infinity 0.681426 182.366152 624.030935 9.588334 38.577295 0.015976 5.71E-006 2.30E-006 0.068326
245 0.334151 Infinity 0.680982 182.907924 623.043092 9.588522 38.577297 0.015999 5.70E-006 2.30E-006 0.068326
246 0.540417 Infinity 0.68054 183.448219 622.055435 9.588711 38.577299 0.016022 5.68E-006 2.29E-006 0.068326
247 0.629057 Infinity 0.6801 183.987066 621.067917 9.5889 38.577301 0.016045 5.66E-006 2.28E-006 0.068326
248 0.526974 Infinity 0.679662 184.524475 620.080528 9.58909 38.577304 0.016068 5.65E-006 2.28E-006 0.068326
249 0.533906 Infinity 0.679226 185.060432 619.093296 9.58928 38.577306 0.016091 5.63E-006 2.27E-006 0.068326
250 0.50891 Infinity 0.678793 185.59494 618.106224 9.589471 38.577308 0.016114 5.61E-006 2.26E-006 0.068326
251 0.556801 Infinity 0.678361 186.127984 617.119345 9.589662 38.57731 0.016138 5.60E-006 2.26E-006 0.068326
252 0.440435 Infinity 0.677931 186.659618 616.132565 9.589854 38.577312 0.016161 5.58E-006 2.25E-006 0.068326
253 0.541257 Infinity 0.677503 187.189804 615.145963 9.590046 38.577314 0.016184 5.57E-006 2.24E-006 0.068326
254 0.614984 Infinity 0.677078 187.718571 614.159487 9.590239 38.577316 0.016208 5.55E-006 2.24E-006 0.068326
255 0.566673 Infinity 0.676654 188.245881 613.173218 9.590432 38.577318 0.016231 5.54E-006 2.23E-006 0.068326
256 0.542518 Infinity 0.676232 188.771782 612.18707 9.590626 38.57732 0.016255 5.52E-006 2.22E-006 0.068326
257 0.561632 Infinity 0.675812 189.296243 611.201106 9.59082 38.577322 0.016279 5.51E-006 2.22E-006 0.068326
258 0.622545 Infinity 0.675393 189.81931 610.215249 9.591015 38.577324 0.016302 5.49E-006 2.21E-006 0.068326
259 0.495887 Infinity 0.674977 190.340949 609.229567 9.59121 38.577326 0.016326 5.48E-006 2.21E-006 0.068326
260 0.607842 Infinity 0.674563 190.861162 608.244062 9.591406 38.577329 0.01635 5.46E-006 2.20E-006 0.068326
261 0.639139 Infinity 0.67415 191.379985 607.258672 9.591602 38.577331 0.016374 5.45E-006 2.19E-006 0.068326
262 0.527184 Infinity 0.673739 191.897372 606.273491 9.591799 38.577333 0.016398 5.43E-006 2.19E-006 0.068326
263 0.560792 Infinity 0.67333 192.413362 605.288453 9.591996 38.577335 0.016422 5.42E-006 2.18E-006 0.068326
264 0.55386 Infinity 0.672923 192.927949 604.303571 9.592194 38.577337 0.016446 5.40E-006 2.18E-006 0.068326
265 0.457869 Infinity 0.672518 193.441151 603.31882 9.592393 38.577339 0.01647 5.39E-006 2.17E-006 0.068326
266 0.434553 Infinity 0.672114 193.952928 602.334281 9.592592 38.577341 0.016494 5.37E-006 2.17E-006 0.068326
267 0.435394 Infinity 0.671712 194.463328 601.349869 9.592791 38.577343 0.016519 5.36E-006 2.16E-006 0.068326
268 0.404937 Infinity 0.671312 194.972337 600.365619 9.592991 38.577346 0.016543 5.35E-006 2.15E-006 0.068326
269 0.37385 Infinity 0.670914 195.479961 599.38152 9.593191 38.577348 0.016568 5.33E-006 2.15E-006 0.068327
270 0.363978 Infinity 0.670517 195.986188 598.397606 9.593392 38.57735 0.016592 5.32E-006 2.14E-006 0.068327
271 0.537056 Infinity 0.670122 196.491038 597.413841 9.593594 38.577352 0.016617 5.31E-006 2.14E-006 0.068327
272 0.475513 Infinity 0.669728 196.994526 596.430204 9.593796 38.577354 0.016641 5.29E-006 2.13E-006 0.068327
273 0.448416 Infinity 0.669337 197.496612 595.44678 9.593999 38.577357 0.016666 5.28E-006 2.13E-006 0.068327
274 0.437914 Infinity 0.668947 197.997325 594.463517 9.594202 38.577359 0.016691 5.27E-006 2.12E-006 0.068327
275 0.395905 598.954444 0.668558 198.496672 593.480406 9.594406 38.577361 0.016716 5.25E-006 2.12E-006 0.068327
276 0.489796 Infinity 0.668172 198.994653 592.497455 9.59461 38.577363 0.016741 5.24E-006 2.11E-006 0.068327
277 0.482024 Infinity 0.667786 199.491283 591.514638 9.594815 38.577365 0.016766 5.23E-006 2.11E-006 0.068327
278 0.515211 Infinity 0.667403 199.986525 590.532038 9.59502 38.577368 0.016791 5.21E-006 2.10E-006 0.068327
279 0.567093 Infinity 0.667021 200.480419 589.54958 9.595226 38.57737 0.016816 5.20E-006 2.09E-006 0.068327
280 0.559531 Infinity 0.66664 200.972961 588.567277 9.595433 38.577372 0.016841 5.19E-006 2.09E-006 0.068327
281 0.480344 Infinity 0.666262 201.464133 587.585172 9.59564 38.577374 0.016866 5.18E-006 2.08E-006 0.068327
282 0.409138 Infinity 0.665884 201.953974 586.603192 9.595847 38.577376 0.016892 5.16E-006 2.08E-006 0.068327
283 0.430142 Infinity 0.665509 202.442461 585.621391 9.596056 38.577379 0.016917 5.15E-006 2.07E-006 0.068327
284 0.410398 Infinity 0.665134 202.929596 584.639769 9.596264 38.577381 0.016943 5.14E-006 2.07E-006 0.068327
285 0.454508 Infinity 0.664762 203.415384 583.658324 9.596474 38.577383 0.016968 5.13E-006 2.06E-006 0.068327
286 0.414179 Infinity 0.66439 203.899834 582.677043 9.596684 38.577385 0.016994 5.11E-006 2.06E-006 0.068327
287 0.338982 Infinity 0.664021 204.382943 581.695937 9.596894 38.577388 0.01702 5.10E-006 2.05E-006 0.068327
288 0.313986 Infinity 0.663652 204.864729 580.714978 9.597105 38.57739 0.017046 5.09E-006 2.05E-006 0.068327
289 0.466901 Infinity 0.663286 205.34517 579.734214 9.597317 38.577392 0.017071 5.08E-006 2.05E-006 0.068327
290 0.379941 Infinity 0.66292 205.824299 578.753585 9.597529 38.577395 0.017097 5.07E-006 2.04E-006 0.068327
291 0.337512 Infinity 0.662557 206.302094 577.773143 9.597742 38.577397 0.017123 5.06E-006 2.04E-006 0.068327
292 0.437704 Infinity 0.662194 206.778565 576.792873 9.597955 38.577399 0.017149 5.04E-006 2.03E-006 0.068327
293 0.365868 Infinity 0.661833 207.253713 575.812777 9.59817 38.577401 0.017176 5.03E-006 2.03E-006 0.068327
294 0.368178 Infinity 0.661473 207.727535 574.832872 9.598384 38.577404 0.017202 5.02E-006 2.02E-006 0.068327
295 0.344863 Infinity 0.661115 208.200046 573.853127 9.598599 38.577406 0.017228 5.01E-006 2.02E-006 0.068327
296 0.301384 Infinity 0.660758 208.671257 572.873528 9.598815 38.577408 0.017255 5.00E-006 2.01E-006 0.068327
297 0.147209 Infinity 0.660403 209.141136 571.89415 9.599032 38.577411 0.017281 4.99E-006 2.01E-006 0.068327
298 0.322178 Infinity 0.660049 209.609721 570.914915 9.599249 38.577413 0.017308 4.98E-006 2.00E-006 0.068327
299 0.349274 Infinity 0.659696 210.077004 569.93585 9.599466 38.577415 0.017334 4.97E-006 2.00E-006 0.068327
300 0.360197 Infinity 0.659345 210.542971 568.956988 9.599685 38.577418 0.017361 4.95E-006 1.99E-006 0.068327
301 0.384142 Infinity 0.658995 211.007647 567.978284 9.599904 38.57742 0.017388 4.94E-006 1.99E-006 0.068327
302 0.365238 Infinity 0.658646 211.471016 566.999777 9.600123 38.577423 0.017415 4.93E-006 1.99E-006 0.068327
303 0.424681 Infinity 0.658299 211.933102 566.021423 9.600343 38.577425 0.017442 4.92E-006 1.98E-006 0.068327
304 0.436864 Infinity 0.657953 212.393896 565.043244 9.600564 38.577427 0.017469 4.91E-006 1.98E-006 0.068327
305 0.398215 Infinity 0.657608 212.853398 564.06525 9.600785 38.57743 0.017496 4.90E-006 1.97E-006 0.068327
306 0.367968 Infinity 0.657265 213.311619 563.087423 9.601007 38.577432 0.017523 4.89E-006 1.97E-006 0.068327
307 0.389183 Infinity 0.656923 213.768544 562.109798 9.60123 38.577434 0.01755 4.88E-006 1.96E-006 0.068327
308 0.348854 Infinity 0.656582 214.224178 561.132373 9.601453 38.577437 0.017577 4.87E-006 1.96E-006 0.068327
309 0.296132 Infinity 0.656242 214.678562 560.155068 9.601677 38.577439 0.017605 4.86E-006 1.96E-006 0.068327
310 0.410818 Infinity 0.655904 215.131647 559.177989 9.601902 38.577442 0.017632 4.85E-006 1.95E-006 0.068327
311 0.505339 Infinity 0.655567 215.583459 558.201088 9.602127 38.577444 0.01766 4.84E-006 1.95E-006 0.068327
312 0.46564 Infinity 0.655231 216.034022 557.224323 9.602353 38.577447 0.017688 4.83E-006 1.94E-006 0.068327
313 0.405987 Infinity 0.654896 216.483284 556.24781 9.602579 38.577449 0.017715 4.82E-006 1.94E-006 0.068327
314 0.401366 Infinity 0.654563 216.931303 555.271427 9.602807 38.577451 0.017743 4.81E-006 1.94E-006 0.068327
315 0.41985 Infinity 0.65423 217.37805 554.295245 9.603034 38.577454 0.017771 4.80E-006 1.93E-006 0.068327
316 0.336881 Infinity 0.653899 217.823534 553.31925 9.603263 38.577456 0.017799 4.79E-006 1.93E-006 0.068327
317 0.336671 Infinity 0.65357 218.267754 552.343452 9.603492 38.577459 0.017827 4.78E-006 1.92E-006 0.068327
318 0.394434 Infinity 0.653241 218.710737 551.367795 9.603722 38.577461 0.017855 4.77E-006 1.92E-006 0.068327
319 0.393594 Infinity 0.652913 219.152452 550.392356 9.603952 38.577464 0.017884 4.76E-006 1.92E-006 0.068327
320 0.399896 Infinity 0.652587 219.592908 549.417119 9.604183 38.577466 0.017912 4.75E-006 1.91E-006 0.068327
321 0.355786 Infinity 0.652262 220.032137 548.442019 9.604415 38.577469 0.01794 4.74E-006 1.91E-006 0.068327
322 0.371959 Infinity 0.651938 220.470097 547.467156 9.604648 38.577471 0.017969 4.73E-006 1.91E-006 0.068327
323 0.390864 Infinity 0.651615 220.906825 546.492454 9.604881 38.577474 0.017997 4.73E-006 1.90E-006 0.068327
324 0.310836 Infinity 0.651293 221.342312 545.517939 9.605115 38.577476 0.018026 4.72E-006 1.90E-006 0.068327
325 0.32848 Infinity 0.650973 221.776546 544.543645 9.605349 38.577479 0.018055 4.71E-006 1.89E-006 0.068327
326 0.400526 Infinity 0.650653 222.209562 543.569496 9.605584 38.577481 0.018084 4.70E-006 1.89E-006 0.068327
327 0.324699 Infinity 0.650335 222.641336 542.595557 9.60582 38.577484 0.018112 4.69E-006 1.89E-006 0.068327
328 0.24194 Infinity 0.650018 223.07187 541.621824 9.606057 38.577486 0.018141 4.68E-006 1.88E-006 0.068327
329 0.257064 Infinity 0.649702 223.501184 540.64826 9.606294 38.577489 0.018171 4.67E-006 1.88E-006 0.068327
330 0.294452 Infinity 0.649387 223.929271 539.674889 9.606532 38.577492 0.0182 4.66E-006 1.88E-006 0.068327
331 0.276178 Infinity 0.649073 224.356134 538.701708 9.606771 38.577494 0.018229 4.65E-006 1.87E-006 0.068327
332 0.192159 Infinity 0.64876 224.781774 537.728722 9.60701 38.577497 0.018258 4.64E-006 1.87E-006 0.068327
333 0.257694 Infinity 0.648448 225.206184 536.75595 9.60725 38.577499 0.018288 4.64E-006 1.86E-006 0.068327
334 0.322388 Infinity 0.648137 225.629384 535.783356 9.607491 38.577502 0.018317 4.63E-006 1.86E-006 0.068327
335 0.190059 Infinity 0.647828 226.051377 534.810936 9.607733 38.577504 0.018347 4.62E-006 1.86E-006 0.068327
336 0.254123 Infinity 0.647519 226.47214 533.838751 9.607975 38.577507 0.018377 4.61E-006 1.85E-006 0.068327
337 0.325539 Infinity 0.647211 226.891703 532.866739 9.608218 38.57751 0.018407 4.60E-006 1.85E-006 0.068327
338 0.291091 Infinity 0.646905 227.31006 531.894916 9.608462 38.577512 0.018436 4.59E-006 1.85E-006 0.068327
339 0.337092 Infinity 0.646599 227.727198 530.923321 9.608706 38.577515 0.018466 4.59E-006 1.84E-006 0.068327
340 0.282059 513.816281 0.646295 228.143139 529.951907 9.608951 38.577518 0.018496 4.58E-006 1.84E-006 0.068327
341 0.257274 Infinity 0.645991 228.557881 528.980685 9.609197 38.57752 0.018527 4.57E-006 1.84E-006 0.068327
342 0.249922 Infinity 0.645689 228.971423 528.009665 9.609444 38.577523 0.018557 4.56E-006 1.83E-006 0.068327
343 0.324069 Infinity 0.645387 229.383765 527.038852 9.609691 38.577526 0.018587 4.55E-006 1.83E-006 0.068327
344 0.313566 Infinity 0.645087 229.794923 526.068213 9.60994 38.577528 0.018618 4.54E-006 1.83E-006 0.068328
345 0.323859 Infinity 0.644787 230.204876 525.097806 9.610189 38.577531 0.018648 4.54E-006 1.82E-006 0.068328
346 0.255383 Infinity 0.644489 230.613641 524.127593 9.610438 38.577534 0.018679 4.53E-006 1.82E-006 0.068328
347 0.292982 Infinity 0.644191 231.021227 523.157564 9.610689 38.577536 0.01871 4.52E-006 1.82E-006 0.068328
348 0.315037 Infinity 0.643894 231.427616 522.187762 9.61094 38.577539 0.01874 4.51E-006 1.81E-006 0.068328
349 0.422581 Infinity 0.643599 231.832832 521.218139 9.611192 38.577542 0.018771 4.51E-006 1.81E-006 0.068328
350 0.361457 Infinity 0.643304 232.236864 520.248729 9.611444 38.577544 0.018802 4.50E-006 1.81E-006 0.068328
351 0.274708 Infinity 0.64301 232.639718 519.279518 9.611698 38.577547 0.018834 4.49E-006 1.81E-006 0.068328
352 0.250762 Infinity 0.642718 233.041393 518.310518 9.611952 38.57755 0.018865 4.48E-006 1.80E-006 0.068328
353 0.301173 Infinity 0.642426 233.441886 517.341744 9.612207 38.577553 0.018896 4.47E-006 1.80E-006 0.068328
354 0.261475 Infinity 0.642135 233.84121 516.373167 9.612463 38.577555 0.018927 4.47E-006 1.80E-006 0.068328
355 0.261475 Infinity 0.641845 234.239369 515.404785 9.61272 38.577558 0.018959 4.46E-006 1.79E-006 0.068328
356 0.306215 Infinity 0.641556 234.636358 514.436615 9.612977 38.577561 0.018991 4.45E-006 1.79E-006 0.068328
357 0.28605 Infinity 0.641268 235.032189 513.468636 9.613235 38.577564 0.019022 4.45E-006 1.79E-006 0.068328
358 0.293612 Infinity 0.64098 235.426846 512.50089 9.613494 38.577566 0.019054 4.44E-006 1.78E-006 0.068328
359 0.275128 Infinity 0.640694 235.82034 511.533358 9.613754 38.577569 0.019086 4.43E-006 1.78E-006 0.068328
360 0.276598 Infinity 0.640409 236.212691 510.565995 9.614014 38.577572 0.019118 4.42E-006 1.78E-006 0.068328
361 0.261265 Infinity 0.640124 236.603875 509.598868 9.614276 38.577575 0.01915 4.42E-006 1.78E-006 0.068328
362 0.250972 Infinity 0.63984 236.993898 508.631966 9.614538 38.577578 0.019182 4.41E-006 1.77E-006 0.068328
363 0.158972 Infinity 0.639557 237.382777 507.665256 9.614801 38.57758 0.019215 4.40E-006 1.77E-006 0.068328
364 0.199931 Infinity 0.639276 237.770489 506.698799 9.615065 38.577583 0.019247 4.39E-006 1.77E-006 0.068328
365 0.178716 Infinity 0.638995 238.157063 505.732527 9.615329 38.577586 0.019279 4.39E-006 1.76E-006 0.068328
366 0.19678 Infinity 0.638714 238.542494 504.766463 9.615595 38.577589 0.019312 4.38E-006 1.76E-006 0.068328
367 0.170524 Infinity 0.638435 238.926781 503.800611 9.615861 38.577592 0.019345 4.37E-006 1.76E-006 0.068328
368 0.253913 Infinity 0.638156 239.309928 502.834967 9.616128 38.577595 0.019378 4.37E-006 1.76E-006 0.068328
369 0.250132 Infinity 0.637879 239.691918 501.869583 9.616396 38.577598 0.019411 4.36E-006 1.75E-006 0.068328
370 0.32953 Infinity 0.637602 240.07279 500.904366 9.616665 38.5776 0.019444 4.35E-006 1.75E-006 0.068328
371 0.306005 Infinity 0.637326 240.452508 499.939409 9.616935 38.577603 0.019477 4.35E-006 1.75E-006 0.068328
372 0.166113 Infinity 0.637051 240.831102 498.974647 9.617205 38.577606 0.01951 4.34E-006 1.74E-006 0.068328
373 0.299703 Infinity 0.636777 241.208568 498.010091 9.617477 38.577609 0.019543 4.33E-006 1.74E-006 0.068328
374 0.334571 Infinity 0.636503 241.584903 497.045758 9.617749 38.577612 0.019577 4.33E-006 1.74E-006 0.068328
375 0.288151 Infinity 0.63623 241.960101 496.081668 9.618022 38.577615 0.01961 4.32E-006 1.74E-006 0.068328
376 0.201611 Infinity 0.635959 242.334179 495.117785 9.618296 38.577618 0.019644 4.31E-006 1.73E-006 0.068328
377 0.236899 Infinity 0.635688 242.707127 494.154136 9.618571 38.577621 0.019678 4.31E-006 1.73E-006 0.068328
378 0.176406 Infinity 0.635417 243.078964 493.190684 9.618846 38.577624 0.019712 4.30E-006 1.73E-006 0.068328
379 0.228497 Infinity 0.635148 243.449664 492.227496 9.619123 38.577627 0.019746 4.29E-006 1.73E-006 0.068328
380 0.33142 Infinity 0.634879 243.81926 491.264498 9.6194 38.57763 0.01978 4.29E-006 1.72E-006 0.068328
381 0.313986 Infinity 0.634611 244.187739 490.301727 9.619678 38.577633 0.019814 4.28E-006 1.72E-006 0.068328
382 0.203502 Infinity 0.634344 244.555097 489.339199 9.619958 38.577636 0.019848 4.28E-006 1.72E-006 0.068328
383 0.218835 Infinity 0.634078 244.921346 488.376887 9.620238 38.577639 0.019883 4.27E-006 1.71E-006 0.068328
384 0.226397 Infinity 0.633812 245.28648 487.414818 9.620519 38.577642 0.019917 4.26E-006 1.71E-006 0.068328
385 0.189218 Infinity 0.633548 245.650511 486.452959 9.620801 38.577645 0.019952 4.26E-006 1.71E-006 0.068328
386 0.112971 Infinity 0.633284 246.013435 485.491334 9.621083 38.577648 0.019987 4.25E-006 1.71E-006 0.068328
387 0.116542 Infinity 0.63302 246.375268 484.5299 9.621367 38.577651 0.020021 4.24E-006 1.70E-006 0.068328
388 0.166953 Infinity 0.632758 246.735983 483.568736 9.621652 38.577654 0.020056 4.24E-006 1.70E-006 0.068328
389 0.208333 Infinity 0.632496 247.095591 482.607821 9.621937 38.577657 0.020092 4.23E-006 1.70E-006 0.068328
390 0.123684 Infinity 0.632235 247.454114 481.647101 9.622224 38.57766 0.020127 4.23E-006 1.70E-006 0.068328
391 0.079784 Infinity 0.631975 247.811535 480.686627 9.622511 38.577663 0.020162 4.22E-006 1.69E-006 0.068328
392 0.088816 Infinity 0.631715 248.167855 479.726402 9.622799 38.577666 0.020198 4.21E-006 1.69E-006 0.068328
393 0.131876 Infinity 0.631457 248.523092 478.766382 9.623089 38.577669 0.020233 4.21E-006 1.69E-006 0.068328
394 0.089866 Infinity 0.631199 248.877234 477.80661 9.623379 38.577673 0.020269 4.20E-006 1.69E-006 0.068328
395 0.232488 Infinity 0.630941 249.230289 476.847066 9.62367 38.577676 0.020305 4.20E-006 1.69E-006 0.068328
396 0.262735 Infinity 0.630685 249.582258 475.887753 9.623962 38.577679 0.020341 4.19E-006 1.68E-006 0.068328
397 0.130405 Infinity 0.630429 249.933131 474.928703 9.624255 38.577682 0.020377 4.18E-006 1.68E-006 0.068328
398 0.280379 Infinity 0.630174 250.282936 473.96985 9.624549 38.577685 0.020413 4.18E-006 1.68E-006 0.068328
399 0.274497 Infinity 0.629919 250.631644 473.011277 9.624844 38.577688 0.020449 4.17E-006 1.68E-006 0.068328
400 0.235639 Infinity 0.629665 250.979277 472.052928 9.62514 38.577691 0.020485 4.17E-006 1.67E-006 0.068328
401 0.314406 Infinity 0.629412 251.325831 471.094822 9.625437 38.577695 0.020522 4.16E-006 1.67E-006 0.068328
402 0.254963 Infinity 0.62916 251.67132 470.136923 9.625735 38.577698 0.020559 4.16E-006 1.67E-006 0.068328
403 0.132086 Infinity 0.628908 252.015721 469.179304 9.626033 38.577701 0.020595 4.15E-006 1.67E-006 0.068328
404 0.175775 Infinity 0.628657 252.359053 468.221915 9.626333 38.577704 0.020632 4.15E-006 1.66E-006 0.068328
405 0.15246 Infinity 0.628407 252.701315 467.264766 9.626634 38.577707 0.020669 4.14E-006 1.66E-006 0.068328
406 0.111711 Infinity 0.628157 253.042502 466.307878 9.626936 38.577711 0.020706 4.13E-006 1.66E-006 0.068328
407 0.189218 Infinity 0.627908 253.382629 465.351212 9.627239 38.577714 0.020744 4.13E-006 1.66E-006 0.068328
408 0.158762 Infinity 0.62766 253.721687 464.3948 9.627543 38.577717 0.020781 4.12E-006 1.66E-006 0.068328
409 0.214844 Infinity 0.627412 254.059677 463.438648 9.627847 38.57772 0.020818 4.12E-006 1.65E-006 0.068328
410 0.203502 Infinity 0.627165 254.396617 462.482708 9.628153 38.577724 0.020856 4.11E-006 1.65E-006 0.068328
411 0.178086 Infinity 0.626919 254.732485 461.527047 9.62846 38.577727 0.020894 4.11E-006 1.65E-006 0.068328
412 0.177456 Infinity 0.626674 255.067298 460.571624 9.628768 38.57773 0.020932 4.10E-006 1.65E-006 0.068328
413 0.204132 Infinity 0.626429 255.401046 459.616471 9.629077 38.577734 0.02097 4.10E-006 1.64E-006 0.068328
414 0.134816 Infinity 0.626184 255.733753 458.661531 9.629387 38.577737 0.021008 4.09E-006 1.64E-006 0.068328
415 0.182707 Infinity 0.625941 256.065394 457.706875 9.629698 38.57774 0.021046 4.09E-006 1.64E-006 0.068328
416 0.277018 Infinity 0.625698 256.395987 456.752458 9.63001 38.577744 0.021085 4.08E-006 1.64E-006 0.068328
417 0.273447 Infinity 0.625455 256.725531 455.798295 9.630323 38.577747 0.021123 4.08E-006 1.64E-006 0.068328
418 0.250342 Infinity 0.625213 257.054025 454.844386 9.630637 38.57775 0.021162 4.07E-006 1.63E-006 0.068328
419 0.351375 Infinity 0.624972 257.381473 453.890729 9.630952 38.577754 0.021201 4.07E-006 1.63E-006 0.068328
420 0.348854 439.133682 0.624732 257.70788 452.937317 9.631268 38.577757 0.021239 4.06E-006 1.63E-006 0.068328
421 0.366288 Infinity 0.624492 258.033233 451.98419 9.631586 38.577761 0.021278 4.06E-006 1.63E-006 0.068328
422 0.252022 Infinity 0.624253 258.357551 451.031298 9.631904 38.577764 0.021318 4.05E-006 1.63E-006 0.068328
423 0.220095 Infinity 0.624014 258.680826 450.078674 9.632224 38.577767 0.021357 4.05E-006 1.62E-006 0.068328
424 0.219885 Infinity 0.623776 259.003067 449.126293 9.632544 38.577771 0.021396 4.04E-006 1.62E-006 0.068328
425 0.250552 Infinity 0.623538 259.324262 448.174201 9.632866 38.577774 0.021436 4.04E-006 1.62E-006 0.068328
426 0.314196 Infinity 0.623302 259.644429 447.222346 9.633189 38.577778 0.021476 4.03E-006 1.62E-006 0.068328
427 0.214004 Infinity 0.623065 259.963554 446.270775 9.633512 38.577781 0.021516 4.03E-006 1.62E-006 0.068328
428 0.206652 Infinity 0.62283 260.28166 445.319431 9.633837 38.577785 0.021556 4.02E-006 1.61E-006 0.068328
429 0.290881 Infinity 0.622595 260.598728 444.368368 9.634163 38.577788 0.021596 4.02E-006 1.61E-006 0.068328
430 0.200771 Infinity 0.62236 260.914762 443.417585 9.634491 38.577792 0.021636 4.01E-006 1.61E-006 0.068328
431 0.179346 Infinity 0.622127 261.229774 442.467051 9.634819 38.577795 0.021676 4.01E-006 1.61E-006 0.068328
432 0.235429 Infinity 0.621893 261.543759 441.516788 9.635148 38.577799 0.021717 4.00E-006 1.61E-006 0.068328
433 0.210853 Infinity 0.621661 261.856718 440.566794 9.635479 38.577802 0.021758 4.00E-006 1.60E-006 0.068328
434 0.224296 Infinity 0.621429 262.168652 439.617074 9.63581 38.577806 0.021799 3.99E-006 1.60E-006 0.068328
435 0.171364 Infinity 0.621197 262.479568 438.667614 9.636143 38.577809 0.02184 3.99E-006 1.60E-006 0.068328
436 0.223876 Infinity 0.620966 262.789464 437.718423 9.636477 38.577813 0.021881 3.99E-006 1.60E-006 0.068328
437 0.205182 Infinity 0.620736 263.098337 436.769518 9.636812 38.577816 0.021922 3.98E-006 1.60E-006 0.068328
438 0.179346 Infinity 0.620506 263.406198 435.820871 9.637149 38.57782 0.021963 3.98E-006 1.59E-006 0.068328
439 0.104359 Infinity 0.620277 263.713049 434.872479 9.637486 38.577824 0.022005 3.97E-006 1.59E-006 0.068328
440 0.222196 Infinity 0.620048 264.018875 433.924394 9.637825 38.577827 0.022047 3.97E-006 1.59E-006 0.068328
441 0.224296 Infinity 0.61982 264.323695 432.976566 9.638165 38.577831 0.022088 3.96E-006 1.59E-006 0.068328
442 0.208543 Infinity 0.619593 264.627495 432.029039 9.638506 38.577835 0.02213 3.96E-006 1.59E-006 0.068328
443 0.200141 Infinity 0.619366 264.930297 431.081757 9.638848 38.577838 0.022173 3.95E-006 1.59E-006 0.068328
444 0.162752 Infinity 0.619139 265.232083 430.134775 9.639191 38.577842 0.022215 3.95E-006 1.58E-006 0.068328
445 0.158972 Infinity 0.618913 265.532865 429.188064 9.639536 38.577846 0.022257 3.95E-006 1.58E-006 0.068328
446 0.225767 Infinity 0.618688 265.832649 428.241611 9.639882 38.577849 0.0223 3.94E-006 1.58E-006 0.068328
447 0.170314 Infinity 0.618463 266.131423 427.295458 9.640229 38.577853 0.022343 3.94E-006 1.58E-006 0.068328
448 0.140067 Infinity 0.618239 266.429194 426.349593 9.640577 38.577857 0.022385 3.93E-006 1.58E-006 0.068328
449 0.10604 Infinity 0.618015 266.72597 425.403987 9.640927 38.577861 0.022429 3.93E-006 1.57E-006 0.068328
450 0.250132 Infinity 0.617792 267.021738 424.458694 9.641277 38.577864 0.022472 3.92E-006 1.57E-006 0.068328
451 0.19594 Infinity 0.617569 267.316509 423.513682 9.641629 38.577868 0.022515 3.92E-006 1.57E-006 0.068328
452 0.228917 Infinity 0.617347 267.610286 422.568948 9.641982 38.577872 0.022559 3.92E-006 1.57E-006 0.068328
453 0.165063 Infinity 0.617125 267.90307 421.624493 9.642337 38.577876 0.022602 3.91E-006 1.57E-006 0.068328
454 0.14973 Infinity 0.616904 268.194863 420.680317 9.642692 38.577879 0.022646 3.91E-006 1.57E-006 0.068328
455 0.173675 Infinity 0.616684 268.485652 419.736467 9.643049 38.577883 0.02269 3.90E-006 1.56E-006 0.068328
456 0.118222 Infinity 0.616464 268.775456 418.792888 9.643408 38.577887 0.022734 3.90E-006 1.56E-006 0.068328
457 0.19678 Infinity 0.616244 269.064277 417.849576 9.643767 38.577891 0.022778 3.90E-006 1.56E-006 0.068328
458 0.126414 Infinity 0.616025 269.352101 416.906584 9.644128 38.577895 0.022823 3.89E-006 1.56E-006 0.068328
459 0.184387 Infinity 0.615807 269.638938 415.963886 9.64449 38.577899 0.022867 3.89E-006 1.56E-006 0.068328
460 0.10793 Infinity 0.615589 269.924798 415.021452 9.644853 38.577902 0.022912 3.88E-006 1.56E-006 0.068328
461 0.097428 Infinity 0.615371 270.20966 414.079358 9.645218 38.577906 0.022957 3.88E-006 1.55E-006 0.068328
462 0.161072 Infinity 0.615154 270.493551 413.137521 9.645584 38.57791 0.023002 3.88E-006 1.55E-006 0.068328
463 0.170944 Infinity 0.614938 270.776456 412.195994 9.645951 38.577914 0.023047 3.87E-006 1.55E-006 0.068328
464 0.143008 Infinity 0.614722 271.058378 411.254775 9.64632 38.577918 0.023093 3.87E-006 1.55E-006 0.068328
465 0.109611 Infinity 0.614506 271.339318 410.313862 9.64669 38.577922 0.023138 3.86E-006 1.55E-006 0.068328
466 0.192999 Infinity 0.614291 271.619288 409.373223 9.647061 38.577926 0.023184 3.86E-006 1.55E-006 0.068328
467 0.261685 Infinity 0.614076 271.898274 408.432913 9.647434 38.57793 0.02323 3.86E-006 1.54E-006 0.068328
468 0.181237 Infinity 0.613862 272.176292 407.492879 9.647808 38.577934 0.023276 3.85E-006 1.54E-006 0.068328
469 0.181237 Infinity 0.613649 272.453331 406.553164 9.648183 38.577938 0.023322 3.85E-006 1.54E-006 0.068328
470 0.176826 Infinity 0.613436 272.729398 405.61375 9.64856 38.577942 0.023369 3.84E-006 1.54E-006 0.068328
471 0.186488 Infinity 0.613223 273.004491 404.674651 9.648938 38.577946 0.023415 3.84E-006 1.54E-006 0.068328
472 0.176826 Infinity 0.613011 273.278617 403.735846 9.649318 38.57795 0.023462 3.84E-006 1.54E-006 0.068328
473 0.136707 Infinity 0.612799 273.551772 402.797355 9.649698 38.577954 0.023509 3.83E-006 1.54E-006 0.068328
474 0.080414 Infinity 0.612588 273.823957 401.85918 9.650081 38.577958 0.023556 3.83E-006 1.53E-006 0.068328
475 -0.003815 Infinity 0.612377 274.095184 400.921286 9.650464 38.577962 0.023604 3.83E-006 1.53E-006 0.068328
476 -0.023349 Infinity 0.612167 274.365439 399.983728 9.650849 38.577966 0.023651 3.82E-006 1.53E-006 0.068328
477 0.078944 Infinity 0.611957 274.634729 399.04648 9.651236 38.577971 0.023699 3.82E-006 1.53E-006 0.068328
478 0.133766 Infinity 0.611748 274.903057 398.109542 9.651624 38.577975 0.023746 3.82E-006 1.53E-006 0.068328
479 0.029373 Infinity 0.611539 275.170419 397.172932 9.652013 38.577979 0.023794 3.81E-006 1.53E-006 0.068328
480 0.072852 Infinity 0.61133 275.436818 396.236646 9.652404 38.577983 0.023843 3.81E-006 1.52E-006 0.068328
481 -0.058847 Infinity 0.611122 275.702262 395.300663 9.652796 38.577987 0.023891 3.81E-006 1.52E-006 0.068328
482 -0.023139 Infinity 0.610915 275.966751 394.364982 9.65319 38.577991 0.023939 3.80E-006 1.52E-006 0.068328
483 0.029163 Infinity 0.610708 276.230275 393.429648 9.653585 38.577996 0.023988 3.80E-006 1.52E-006 0.068328
484 0.011309 Infinity 0.610501 276.492851 392.494604 9.653981 38.578 0.024037 3.79E-006 1.52E-006 0.068328
485 0.103309 Infinity 0.610295 276.754464 391.559908 9.654379 38.578004 0.024086 3.79E-006 1.52E-006 0.068328
486 0.003747 Infinity 0.610089 277.015125 390.62553 9.654779 38.578008 0.024135 3.79E-006 1.52E-006 0.068328
487 0.005637 Infinity 0.609884 277.274835 389.691467 9.65518 38.578013 0.024185 3.78E-006 1.51E-006 0.068328
488 0.070752 Infinity 0.609679 277.533589 388.757746 9.655582 38.578017 0.024234 3.78E-006 1.51E-006 0.068328
489 0.004797 Infinity 0.609474 277.79139 387.824356 9.655986 38.578021 0.024284 3.78E-006 1.51E-006 0.068328
490 0.098268 Infinity 0.60927 278.048252 386.891256 9.656392 38.578026 0.024334 3.77E-006 1.51E-006 0.068328
491 0.081044 Infinity 0.609067 278.304158 385.958512 9.656799 38.57803 0.024384 3.77E-006 1.51E-006 0.068328
492 -0.007806 Infinity 0.608864 278.559113 385.026108 9.657208 38.578034 0.024435 3.77E-006 1.51E-006 0.068328
493 0.181237 Infinity 0.608661 278.813124 384.094028 9.657618 38.578039 0.024485 3.76E-006 1.51E-006 0.068328
494 0.084195 Infinity 0.608459 279.066189 383.162279 9.658029 38.578043 0.024536 3.76E-006 1.51E-006 0.068328
495 0.046806 Infinity 0.608257 279.318312 382.230859 9.658443 38.578047 0.024587 3.76E-006 1.50E-006 0.068328
496 0.156871 Infinity 0.608055 279.569486 381.299788 9.658857 38.578052 0.024638 3.75E-006 1.50E-006 0.068329
497 -0.019148 Infinity 0.607854 279.819722 380.369041 9.659274 38.578056 0.024689 3.75E-006 1.50E-006 0.068329
498 0.10562 Infinity 0.607654 280.069012 379.438644 9.659692 38.578061 0.024741 3.75E-006 1.50E-006 0.068329
499 0.056469 Infinity 0.607453 280.317361 378.50859 9.660111 38.578065 0.024793 3.75E-006 1.50E-006 0.068329
500 0.115072 Infinity 0.607254 280.564775 377.578861 9.660532 38.57807 0.024844 3.74E-006 1.50E-006 0.068329
501 0.228287 Infinity 0.607054 280.81125 376.64947 9.660955 38.578074 0.024897 3.74E-006 1.50E-006 0.068329
502 0.118433 Infinity 0.606855 281.056781 375.720449 9.661379 38.578079 0.024949 3.74E-006 1.49E-006 0.068329
503 0.038615 Infinity 0.606657 281.301377 374.791764 9.661805 38.578083 0.025001 3.73E-006 1.49E-006 0.068329
504 0.115072 Infinity 0.606458 281.545037 373.863423 9.662233 38.578088 0.025054 3.73E-006 1.49E-006 0.068329
505 0.005847 Infinity 0.606261 281.787766 372.935416 9.662662 38.578092 0.025107 3.73E-006 1.49E-006 0.068329
506 -0.031541 Infinity 0.606063 282.029559 372.007767 9.663093 38.578097 0.02516 3.72E-006 1.49E-006 0.068329
507 -0.051285 Infinity 0.605866 282.270421 371.080456 9.663526 38.578102 0.025214 3.72E-006 1.49E-006 0.068329
508 -0.023769 Infinity 0.60567 282.510343 370.153525 9.66396 38.578106 0.025267 3.72E-006 1.49E-006 0.068329
509 0.057519 Infinity 0.605473 282.749339 369.226929 9.664396 38.578111 0.025321 3.71E-006 1.49E-006 0.068329
510 0.032943 Infinity 0.605277 282.987405 368.300684 9.664833 38.578116 0.025375 3.71E-006 1.48E-006 0.068329
511 0.020971 Infinity 0.605082 283.224542 367.374792 9.665272 38.57812 0.025429 3.71E-006 1.48E-006 0.068329
512 0.052268 Infinity 0.604887 283.460744 366.449279 9.665713 38.578125 0.025483 3.71E-006 1.48E-006 0.068329
513 -0.061368 Infinity 0.604692 283.69602 365.524116 9.666156 38.57813 0.025538 3.70E-006 1.48E-006 0.068329
514 -0.009696 Infinity 0.604498 283.930373 364.599297 9.6666 38.578134 0.025593 3.70E-006 1.48E-006 0.068329
515 0.053738 Infinity 0.604304 284.163796 363.674857 9.667046 38.578139 0.025648 3.70E-006 1.48E-006 0.068329
516 0.031263 Infinity 0.604111 284.396291 362.750784 9.667494 38.578144 0.025703 3.69E-006 1.48E-006 0.068329
517 0.048067 Infinity 0.603917 284.627867 361.827058 9.667944 38.578149 0.025758 3.69E-006 1.48E-006 0.068329
518 -0.046244 Infinity 0.603725 284.858518 360.903697 9.668395 38.578153 0.025814 3.69E-006 1.47E-006 0.068329
519 -0.155259 Infinity 0.603532 285.088245 359.980707 9.668848 38.578158 0.02587 3.69E-006 1.47E-006 0.068329
520 -0.018098 Infinity 0.60334 285.317052 359.058078 9.669303 38.578163 0.025926 3.68E-006 1.47E-006 0.068329
521 0.012149 Infinity 0.603149 285.544932 358.135842 9.66976 38.578168 0.025982 3.68E-006 1.47E-006 0.068329
522 -0.078802 Infinity 0.602957 285.771892 357.213972 9.670218 38.578173 0.026039 3.68E-006 1.47E-006 0.068329
523 0.025802 Infinity 0.602766 285.997936 356.292456 9.670679 38.578178 0.026096 3.68E-006 1.47E-006 0.068329
524 0.095747 Infinity 0.602576 286.223058 355.371329 9.671141 38.578183 0.026153 3.67E-006 1.47E-006 0.068329
525 0.01971 Infinity 0.602386 286.447265 354.450559 9.671605 38.578188 0.02621 3.67E-006 1.47E-006 0.068329
526 0.049117 Infinity 0.602196 286.670548 353.530196 9.67207 38.578193 0.026267 3.67E-006 1.47E-006 0.068329
527 0.091336 Infinity 0.602006 286.892917 352.610194 9.672538 38.578197 0.026325 3.66E-006 1.46E-006 0.068329
528 -0.023559 Infinity 0.601817 287.114372 351.690565 9.673007 38.578202 0.026383 3.66E-006 1.46E-006 0.068329
529 0.021601 Infinity 0.601628 287.334904 350.771347 9.673479 38.578207 0.026441 3.66E-006 1.46E-006 0.068329
530 0.220305 Infinity 0.60144 287.554529 349.852479 9.673952 38.578212 0.026499 3.66E-006 1.46E-006 0.068329
531 0.208333 Infinity 0.601252 287.773237 348.93401 9.674427 38.578218 0.026558 3.65E-006 1.46E-006 0.068329
532 0.158131 Infinity 0.601064 287.991027 348.01594 9.674904 38.578223 0.026617 3.65E-006 1.46E-006 0.068329
533 0.126834 Infinity 0.600877 288.207907 347.098248 9.675383 38.578228 0.026676 3.65E-006 1.46E-006 0.068329
534 0.053108 Infinity 0.60069 288.42388 346.180924 9.675864 38.578233 0.026735 3.65E-006 1.46E-006 0.068329
535 0.093227 Infinity 0.600503 288.638932 345.264027 9.676346 38.578238 0.026795 3.64E-006 1.46E-006 0.068329
536 0.110451 Infinity 0.600317 288.853079 344.347495 9.676831 38.578243 0.026854 3.64E-006 1.45E-006 0.068329
537 0.098688 Infinity 0.600131 289.066315 343.43136 9.677318 38.578248 0.026915 3.64E-006 1.45E-006 0.068329
538 0.158341 Infinity 0.599945 289.278637 342.515642 9.677806 38.578253 0.026975 3.64E-006 1.45E-006 0.068329
539 0.071592 Infinity 0.59976 289.49005 341.600315 9.678297 38.578259 0.027035 3.63E-006 1.45E-006 0.068329
540 0.065081 354.742345 0.599575 289.700557 340.685379 9.678789 38.578264 0.027096 3.63E-006 1.45E-006 0.068329
541 0.085875 Infinity 0.59939 289.910159 339.770829 9.679284 38.578269 0.027157 3.63E-006 1.45E-006 0.068329
542 0.103309 Infinity 0.599206 290.118849 338.856699 9.67978 38.578274 0.027218 3.63E-006 1.45E-006 0.068329
543 0.145109 Infinity 0.599022 290.326632 337.942975 9.680279 38.57828 0.02728 3.62E-006 1.45E-006 0.068329
544 0.117592 Infinity 0.598838 290.533506 337.029665 9.68078 38.578285 0.027342 3.62E-006 1.45E-006 0.068329
545 -0.02713 Infinity 0.598655 290.739479 336.116738 9.681282 38.57829 0.027404 3.62E-006 1.44E-006 0.068329
546 0.073903 Infinity 0.598472 290.944546 335.204223 9.681787 38.578296 0.027466 3.62E-006 1.44E-006 0.068329
547 0.059199 Infinity 0.598289 291.148705 334.292136 9.682294 38.578301 0.027528 3.61E-006 1.44E-006 0.068329
548 0.068021 Infinity 0.598107 291.351959 333.380459 9.682802 38.578306 0.027591 3.61E-006 1.44E-006 0.068329
549 0.033363 Infinity 0.597925 291.554312 332.469187 9.683313 38.578312 0.027654 3.61E-006 1.44E-006 0.068329
550 0.078734 Infinity 0.597743 291.755764 331.558315 9.683826 38.578317 0.027718 3.61E-006 1.44E-006 0.068329
551 0.078944 Infinity 0.597562 291.956304 330.647901 9.684341 38.578323 0.027781 3.61E-006 1.44E-006 0.068329
552 0.014249 Infinity 0.597381 292.155951 329.737864 9.684859 38.578328 0.027845 3.60E-006 1.44E-006 0.068329
553 0.023911 Infinity 0.5972 292.354689 328.828279 9.685378 38.578334 0.027909 3.60E-006 1.44E-006 0.068329
554 0.025592 Infinity 0.59702 292.55253 327.919096 9.6859 38.578339 0.027973 3.60E-006 1.44E-006 0.068329
555 0.095117 Infinity 0.59684 292.749465 327.010358 9.686423 38.578345 0.028038 3.60E-006 1.43E-006 0.068329
556 0.043866 Infinity 0.59666 292.945503 326.102024 9.686949 38.57835 0.028103 3.59E-006 1.43E-006 0.068329
557 0.039875 Infinity 0.59648 293.140638 325.194134 9.687477 38.578356 0.028168 3.59E-006 1.43E-006 0.068329
558 0.070332 Infinity 0.596301 293.334874 324.286667 9.688007 38.578362 0.028233 3.59E-006 1.43E-006 0.068329
559 0.101209 Infinity 0.596122 293.528209 323.379642 9.68854 38.578367 0.028299 3.59E-006 1.43E-006 0.068329
560 0.052058 Infinity 0.595944 293.720646 322.473037 9.689074 38.578373 0.028365 3.59E-006 1.43E-006 0.068329
561 0.132296 Infinity 0.595765 293.912188 321.566853 9.689611 38.578379 0.028431 3.58E-006 1.43E-006 0.068329
562 0.081464 Infinity 0.595587 294.102823 320.661141 9.69015 38.578384 0.028498 3.58E-006 1.43E-006 0.068329
563 0.085665 Infinity 0.59541 294.292566 319.755841 9.690692 38.57839 0.028565 3.58E-006 1.43E-006 0.068329
564 0.101839 Infinity 0.595232 294.481411 318.850982 9.691235 38.578396 0.028632 3.58E-006 1.43E-006 0.068329
565 0.055839 Infinity 0.595055 294.669353 317.94659 9.691781 38.578402 0.028699 3.57E-006 1.43E-006 0.068329
566 -0.067249 Infinity 0.594878 294.856404 317.04261 9.69233 38.578407 0.028767 3.57E-006 1.42E-006 0.068329
567 0.071172 Infinity 0.594702 295.042555 316.139092 9.69288 38.578413 0.028835 3.57E-006 1.42E-006 0.068329
568 0.039665 Infinity 0.594525 295.227804 315.236042 9.693433 38.578419 0.028903 3.57E-006 1.42E-006 0.068329
569 -0.018518 Infinity 0.59435 295.412166 314.333403 9.693988 38.578425 0.028971 3.57E-006 1.42E-006 0.068329
570 0.013409 Infinity 0.594174 295.595625 313.431244 9.694546 38.578431 0.02904 3.56E-006 1.42E-006 0.068329
571 0.01719 Infinity 0.593999 295.778191 312.529527 9.695106 38.578437 0.029109 3.56E-006 1.42E-006 0.068329
572 0.084195 Infinity 0.593823 295.95986 311.628268 9.695668 38.578443 0.029179 3.56E-006 1.42E-006 0.068329
573 0.119903 Infinity 0.593649 296.140634 310.727465 9.696233 38.578449 0.029248 3.56E-006 1.42E-006 0.068329
574 0.072012 Infinity 0.593474 296.320508 309.827143 9.6968 38.578455 0.029318 3.56E-006 1.42E-006 0.068329
575 0.15372 Infinity 0.5933 296.499492 308.927257 9.697369 38.578461 0.029389 3.55E-006 1.42E-006 0.068329
576 0.173255 Infinity 0.593126 296.677582 308.027829 9.697941 38.578467 0.029459 3.55E-006 1.42E-006 0.068329
