0 3.621631 3.621631 0.007938 877.104279
1 3.3931 3.476843 1.383444 875.700229
2 3.278204 3.47933 2.749203 874.3343
3 3.289337 3.482321 4.050319 873.033175
4 3.21561 3.485447 5.29479 871.788703
5 3.203218 3.488632 6.492575 870.590917
6 3.066897 3.491862 7.659398 869.424094
7 2.931207 3.495122 8.803602 868.27989
8 2.895919 3.498406 9.931399 867.152094
9 2.943809 3.501706 11.046641 866.036851
10 2.864622 3.505007 12.148739 864.934752
11 2.839626 3.508322 13.245779 863.837712
12 2.739434 3.511649 14.338645 862.744846
13 2.459021 3.514981 15.42743 861.65606
14 2.536738 3.518322 16.514256 860.569234
15 2.36576 3.521675 17.601236 859.482253
16 2.285312 3.525023 18.683695 858.399794
17 2.146051 3.528379 19.766219 857.317269
18 2.084507 3.531749 20.851215 856.232272
19 2.153192 3.535111 21.931513 855.151974
20 2.09858 3.538483 23.013999 854.069488
21 2.014771 3.54186 24.096444 852.987043
22 1.791071 3.545241 25.179058 851.904429
23 1.849464 3.548618 26.259271 850.824215
24 1.878451 3.552005 27.34174 849.741745
25 1.909118 3.555388 28.421938 848.661547
26 1.779939 3.55878 29.504351 847.579134
27 1.789601 3.562174 30.586742 846.496742
28 1.87677 3.565563 31.666928 845.416556
29 1.870679 3.568962 32.7495 844.333984
30 1.718815 3.572355 33.829682 843.253802
31 1.78498 3.575756 34.912127 842.171356
32 1.638367 3.579162 35.995296 841.08819
33 1.614422 3.582718 37.125812 839.957679
34 1.549937 3.586305 38.265613 838.817878
35 1.532293 3.589876 39.399982 837.683509
36 1.511919 3.593433 40.529359 836.554131
37 1.469909 3.596964 41.650275 835.433215
38 1.311534 3.600484 42.767139 834.316351
39 1.186766 3.603987 43.878413 833.205077
40 1.164921 3.607469 44.982708 832.100782
41 1.20693 3.610937 46.082259 831.00123
42 1.123332 3.614392 47.17739 829.906099
43 1.272255 3.617835 48.268391 828.815098
44 1.217013 3.621262 49.35389 827.729598
45 1.079432 3.624678 50.435837 826.647652
46 1.033221 3.628074 51.511308 825.572181
47 0.895641 3.631466 52.585306 824.498183
48 0.860353 3.63484 53.65339 823.430098
49 0.76079 3.638202 54.717377 822.36611
50 0.738315 3.641557 55.77895 821.304538
51 0.836827 3.644896 56.835385 820.248102
52 0.751128 3.648225 57.888359 819.195128
53 0.599684 3.651549 58.939428 818.144059
54 0.660178 3.654858 59.985985 817.097503
55 0.717731 3.658155 61.028254 816.055233
56 0.71479 3.661447 62.069064 815.014422
57 0.617748 3.664727 63.105911 813.977576
58 0.823174 3.667996 64.138981 812.944505
59 0.734535 3.671258 65.169698 811.913788
60 0.883668 3.674513 66.198168 810.885318
61 0.956974 3.677754 67.222073 809.861413
62 0.888919 3.680993 68.245189 808.838297
63 0.775494 3.684226 69.266375 807.817111
64 0.729493 3.687457 70.286871 806.796615
65 0.593593 3.69069 71.307847 805.775638
66 0.49025 3.693925 72.329282 804.754203
67 0.440469 3.697158 73.350047 803.733439
68 0.397199 3.700389 74.370166 802.713319
69 0.396989 3.703622 75.390746 801.692739
70 0.433117 3.706857 76.411769 800.671716
71 0.383756 3.71009 77.432163 799.651322
72 0.406861 3.713325 78.45299 798.630494
73 0.320742 3.716558 79.473209 797.610276
74 0.472606 3.719793 80.493853 796.589632
75 0.424715 3.723026 81.513906 795.569579
76 0.411062 3.726257 82.533388 794.550097
77 0.458953 3.729494 83.554272 793.529212
78 0.512515 3.732725 84.573613 792.509871
79 0.435217 3.735961 85.594326 791.489158
80 0.31339 3.739193 86.613533 790.469951
81 0.366742 3.742429 87.634082 789.449402
82 0.475547 3.745664 88.654083 788.4294
83 0.457062 3.748897 89.673555 787.409929
84 0.380605 3.752131 90.693414 786.39007
85 0.353509 3.755364 91.712757 785.370727
86 0.40035 3.758599 92.73248 784.351003
87 0.353929 3.761832 93.751699 783.331784
88 0.31234 3.765067 94.771292 782.312191
89 0.449711 3.7683 95.790393 781.29309
90 0.495711 3.771534 96.809861 780.273622
91 0.414633 3.77477 97.829683 779.2538
92 0.240714 3.778002 98.848195 778.235288
93 0.407071 3.781238 99.86789 777.215592
94 0.338386 3.784472 100.887112 776.19637
95 0.340906 3.787705 101.905875 775.177608
96 0.254157 3.79094 102.924985 774.158497
97 0.405601 3.794173 103.943645 773.139838
98 0.340276 3.797407 104.962646 772.120836
99 0.3554 3.800643 105.981978 771.101504
100 0.147453 3.803877 107.000866 770.082616
101 0.184211 3.80711 108.019322 769.06416
102 0.2237 3.810345 109.038107 768.045374
103 0.22349 3.813578 110.056469 767.027013
104 0.26886 3.816812 111.075155 766.008327
105 0.2237 3.820045 112.093425 764.990057
106 0.165097 3.82328 113.112013 763.971469
107 0.156905 3.826515 114.13091 762.952571
108 0.199125 3.829747 115.148685 761.934796
109 0.115316 3.832983 116.167482 760.915999
110 0.129809 3.836217 117.185876 759.897605
111 0.083179 3.83945 118.203875 758.879606
112 0.08717 3.842684 119.222177 757.861304
113 0.012603 3.845917 120.240092 756.843389
114 -0.086539 3.849152 121.258304 755.825176
115 0.024155 3.852385 122.276136 754.807345
116 0.074777 3.855619 123.29426 753.789221
117 -0.022895 3.858852 124.312009 752.771471
118 0.028566 3.862087 125.330046 751.753434
119 0.093261 3.86532 126.347715 750.735765
120 0.227901 3.868554 127.365666 749.717814
121 0.212148 3.871787 128.383254 748.700226
122 0.048941 3.875021 129.401121 747.682359
123 0.18022 3.878254 130.41863 746.664849
124 0.238613 3.881489 131.436413 745.647066
125 0.09053 3.884722 132.453844 744.629636
126 0.08759 3.887956 133.471544 743.611935
127 -0.028146 3.891189 134.488897 742.594582
128 0.007352 3.894421 135.50591 741.577569
129 -0.031087 3.897656 136.523791 740.559688
130 0.013863 3.900888 137.540731 739.542748
131 0.007562 3.904122 138.557934 738.525544
132 -0.038439 3.907356 139.575394 737.508084
133 -0.096202 3.910589 140.592521 736.490957
134 0.024576 3.913821 141.609322 735.474157
135 0.04579 3.917054 142.626376 734.457102
136 0.065955 3.920288 143.64368 733.439799
137 0.007142 3.923521 144.660659 732.42282
138 0.004621 3.926754 145.677319 731.406159
139 -0.027306 3.929987 146.694226 730.389252
140 -0.144092 3.933219 147.710818 729.372659
141 -0.389847 3.936452 148.727653 728.355824
142 -0.285664 3.939684 149.744177 727.3393
143 -0.100192 3.942917 150.76094 726.322538
144 -0.027516 3.94615 151.777396 725.306082
145 0.010082 3.949383 152.794086 724.289391
146 0.016804 3.952615 153.810472 723.273005
147 0.024155 3.955848 154.82709 722.256387
148 -0.120777 3.95908 155.843408 721.240069
149 -0.168668 3.962313 156.859952 720.223524
150 -0.190513 3.965546 157.8762 719.207277
151 -0.124768 3.968777 158.892156 718.191321
152 -0.114266 3.972009 159.908337 717.17514
153 -0.012603 3.975242 160.924738 716.158738
154 -0.070576 3.978475 161.940848 715.142628
155 -0.096622 3.981706 162.956672 714.126804
156 -0.105234 3.984938 163.972715 713.110761
157 -0.13464 3.98817 164.988473 712.095003
158 -0.067845 3.991402 166.004447 711.079029
159 -0.095151 3.994634 167.02014 710.063336
160 -0.022475 3.997866 168.036044 709.047432
161 -0.007772 4.001097 169.05167 708.031806
162 -0.153964 4.00433 170.067504 707.015971
163 -0.142202 4.007561 171.083063 706.000413
164 -0.070156 4.010794 172.098826 704.98465
165 -0.078558 4.014025 173.114316 703.96916
166 -0.031087 4.017256 174.129536 702.953939
167 -0.052092 4.020487 175.144959 701.938516
168 0.039489 4.023718 176.160115 700.92336
169 0.060284 4.02695 177.175471 699.908004
170 -0.017854 4.030182 178.191021 698.892453
171 -0.015964 4.033412 179.205848 697.877627
172 -0.022055 4.036644 180.221327 696.862148
173 0.047681 4.039874 181.236089 695.847386
174 -0.066585 4.043107 182.251495 694.831979
175 -0.120147 4.046337 183.266191 693.817283
176 -0.171818 4.049568 184.281078 692.802396
177 -0.212778 4.052799 185.296152 691.787322
178 -0.199125 4.05603 186.310969 690.772505
179 -0.167197 4.05926 187.325532 689.757941
180 -0.213828 4.062491 188.34028 688.743193
181 -0.186942 4.065722 189.354776 687.728697
182 -0.22349 4.068952 190.369454 686.714019
183 -0.308349 4.072183 191.383882 685.699592
184 -0.344267 4.075414 192.398488 684.684985
185 -0.289235 4.078644 193.412845 683.670628
186 -0.304358 4.081873 194.426957 682.656516
187 -0.293436 4.085104 195.441245 681.642228
188 -0.332925 4.088335 196.455706 680.627767
189 -0.262769 4.091565 197.469921 679.613552
190 -0.253317 4.094795 198.483893 678.599579
191 -0.279993 4.098025 199.498036 677.585436
192 -0.264869 4.101255 200.511937 676.571535
193 -0.201435 4.104485 201.526007 675.557466
194 -0.239664 4.107715 202.539835 674.543637
195 -0.237563 4.110944 203.553426 673.530045
196 -0.363381 4.114174 204.567183 672.516289
197 -0.425765 4.117403 205.580703 671.502768
198 -0.385436 4.120632 206.594386 670.489085
199 -0.337126 4.123863 207.608228 669.475243
200 -0.35834 4.127091 208.621441 668.462031
201 -0.380815 4.130321 209.634814 667.448658
202 -0.351199 4.13355 210.648343 666.435128
203 -0.336075 4.13678 211.66164 665.421831
204 -0.436058 4.140008 212.674705 664.408765
205 -0.375774 4.143238 213.687926 663.395545
206 -0.390898 4.146466 214.700916 662.382555
207 -0.309189 4.149696 215.714058 661.369413
208 -0.351829 4.152924 216.726971 660.3565
209 -0.429756 4.156154 217.740032 659.343438
210 -0.39993 4.159382 218.752866 658.330604
211 -0.390477 4.162611 219.765473 657.317997
212 -0.474076 4.165839 220.778227 656.305243
213 -0.414003 4.169068 221.790755 655.292715
214 -0.278312 4.172296 222.803427 654.280043
215 -0.295956 4.175525 223.815874 653.267596
216 -0.2237 4.178754 224.828462 652.255007
217 -0.26718 4.181982 225.840826 651.242643
218 -0.228111 4.18521 226.852968 650.230502
219 -0.256888 4.188438 227.865248 649.218221
220 -0.299107 4.191666 228.877306 648.206163
221 -0.290705 4.194894 229.8895 647.193968
222 -0.289865 4.198122 230.901473 646.181996
223 -0.280413 4.20135 231.913579 645.169889
224 -0.332294 4.204577 232.925112 644.158356
225 -0.417574 4.207806 233.937129 643.146339
226 -0.412953 4.211033 234.948577 642.134891
227 -0.477017 4.214261 235.960503 641.122965
228 -0.323052 4.217488 236.971863 640.111605
229 -0.388797 4.220716 237.98335 639.100117
230 -0.321162 4.223944 238.994964 638.088504
231 -0.386277 4.22717 240.006017 637.07745
232 -0.383756 4.230397 241.017196 636.066271
233 -0.350569 4.233625 242.028498 635.054969
234 -0.478907 4.236852 243.039583 634.043884
235 -0.544652 4.240079 244.050788 633.032679
236 -0.484579 4.243306 245.061441 632.022025
237 -0.531209 4.246533 246.072548 631.010919
238 -0.44824 4.249759 247.083107 630.00036
239 -0.410012 4.252986 248.093782 628.989684
240 -0.40329 4.256213 249.104572 627.978894
241 -0.363171 4.259439 250.11482 626.968646
242 -0.345107 4.262667 251.125508 625.957958
243 -0.44467 4.265892 252.135656 624.94781
244 -0.44782 4.269119 253.145915 623.937551
245 -0.665849 4.272346 254.156283 622.927183
246 -0.459583 4.275572 255.166437 621.917029
247 -0.370943 4.278798 256.176377 620.907088
248 -0.473026 4.282024 257.186106 619.89736
249 -0.466094 4.28525 258.19594 618.887526
250 -0.49109 4.288476 259.205877 617.877588
251 -0.443199 4.291701 260.215286 616.868179
252 -0.559565 4.294928 261.225111 615.858354
253 -0.458743 4.298153 262.23441 614.849055
254 -0.385016 4.301379 263.243809 613.839656
255 -0.433327 4.304604 264.252995 612.830469
256 -0.457482 4.30783 265.262279 611.821186
257 -0.438368 4.311055 266.27135 610.812115
258 -0.377455 4.314281 267.280515 609.80295
259 -0.504113 4.317506 268.289162 608.794302
260 -0.392158 4.320732 269.298206 607.785258
261 -0.360861 4.323956 270.306734 606.77673
262 -0.472816 4.327182 271.315352 605.768112
263 -0.439208 4.330407 272.324058 604.759405
264 -0.44614 4.333632 273.332252 603.751211
265 -0.542131 4.336856 274.340533 602.74293
266 -0.565447 4.340082 275.348899 601.734565
267 -0.564606 4.343306 276.35705 600.726413
268 -0.595063 4.346531 277.364989 599.718474
269 -0.62615 4.349756 278.373009 598.710454
270 -0.636022 4.35298 279.380523 597.70294
271 -0.462944 4.356205 280.388408 596.695054
272 -0.524487 4.359428 281.395788 595.687674
273 -0.551584 4.362653 282.403246 594.680216
274 -0.562086 4.365877 283.410778 593.672684
275 -0.604095 4.369102 284.418094 592.665368
276 -0.510204 4.372326 285.425196 591.658266
277 -0.517976 4.375549 286.432084 590.651378
278 -0.484789 4.378773 287.439041 589.64442
279 -0.432907 4.381997 288.445784 588.637678
280 -0.440469 4.385221 289.452593 587.630868
281 -0.519656 4.388445 290.459186 586.624275
282 -0.590862 4.391668 291.465562 585.617899
283 -0.569858 4.394891 292.471723 584.611738
284 -0.589602 4.398115 293.477946 583.605515
285 -0.545492 4.401339 294.484228 582.599232
286 -0.585821 4.404562 295.490016 581.593445
287 -0.661018 4.407785 296.495861 580.587599
288 -0.686014 4.411009 297.501763 579.581697
289 -0.533099 4.414231 298.50717 578.576289
290 -0.620059 4.417454 299.512632 577.570827
291 -0.662488 4.420678 300.518145 576.565314
292 -0.562296 4.4239 301.523167 575.560293
293 -0.634132 4.427123 302.528237 574.555222
294 -0.631822 4.430346 303.533355 573.550104
295 -0.655137 4.433568 304.537982 572.545477
296 -0.698616 4.436791 305.542654 571.540805
297 -0.852791 4.440013 306.547102 570.536357
298 -0.677822 4.443236 307.551592 569.531867
299 -0.650726 4.446458 308.555857 568.527602
300 -0.639803 4.44968 309.559896 567.523562
301 -0.615858 4.452903 310.563972 566.519486
302 -0.634762 4.456125 311.56782 565.515638
303 -0.575319 4.459347 312.571441 564.512017
304 -0.563136 4.462569 313.575094 563.508364
305 -0.601785 4.465791 314.578517 562.504941
306 -0.632032 4.469013 315.58171 561.501748
307 -0.610817 4.472234 316.584672 560.498785
308 -0.651146 4.475456 317.58766 559.495797
309 -0.703868 4.478677 318.590416 558.493041
310 -0.589182 4.481899 319.593192 557.490264
311 -0.494661 4.48512 320.59548 556.487976
312 -0.53436 4.488342 321.597787 555.485669
313 -0.594013 4.491564 322.60011 554.483346
314 -0.598634 4.494784 323.601943 553.481513
315 -0.58015 4.498005 324.60379 552.479666
316 -0.663119 4.501226 325.605397 551.478059
317 -0.663329 4.504448 326.607014 550.476442
318 -0.605566 4.507669 327.608388 549.475068
319 -0.606406 4.51089 328.609519 548.473937
320 -0.600104 4.51411 329.610407 547.473049
321 -0.644214 4.517331 330.611296 546.472159
322 -0.628041 4.520552 331.611939 545.471516
323 -0.609136 4.523772 332.612334 544.471121
324 -0.689164 4.526992 333.612481 543.470973
325 -0.67152 4.530213 334.612622 542.470833
326 -0.599474 4.533433 335.612511 541.470943
327 -0.675301 4.536653 336.612148 540.471306
328 -0.75806 4.539873 337.611772 539.471682
329 -0.742936 4.543094 338.61114 538.472314
330 -0.705548 4.546314 339.61025 537.473203
331 -0.723822 4.549533 340.609103 536.47435
332 -0.807841 4.552753 341.607934 535.475519
333 -0.742306 4.555973 342.606504 534.47695
334 -0.677612 4.559193 343.60481 533.478644
335 -0.809941 4.562412 344.602852 532.480601
336 -0.745877 4.565632 345.600863 531.48259
337 -0.674461 4.568852 346.598605 530.484848
338 -0.708909 4.572071 347.596078 529.487375
339 -0.662908 4.57529 348.59328 528.490173
340 -0.717941 4.578509 349.590209 527.493243
341 -0.742726 4.581728 350.587095 526.496357
342 -0.750078 4.584947 351.583705 525.499747
343 -0.675931 4.588167 352.580265 524.503187
344 -0.686434 4.591385 353.576315 523.507137
345 -0.676141 4.594604 354.572311 522.511141
346 -0.744617 4.597823 355.568022 521.51543
347 -0.707018 4.601042 356.563446 520.520005
348 -0.684963 4.60426 357.558582 519.524869
349 -0.577419 4.607479 358.553653 518.529798
350 -0.638543 4.610697 359.54843 517.535021
351 -0.725292 4.613916 360.542911 516.54054
352 -0.749238 4.617134 361.537095 515.546356
353 -0.698827 4.620352 362.530979 514.552471
354 -0.738525 4.62357 363.524783 513.558667
355 -0.738525 4.626788 364.518282 512.565168
356 -0.693785 4.630006 365.511473 511.571976
357 -0.71395 4.633224 366.504355 510.579095
358 -0.706388 4.636442 367.496924 509.586525
359 -0.724872 4.63966 368.489398 508.594052
360 -0.723402 4.642877 369.481335 507.602115
361 -0.738735 4.646095 370.473169 506.61028
362 -0.749028 4.649312 371.464681 505.618768
363 -0.841028 4.652529 372.455866 504.627582
364 -0.800069 4.655747 373.446938 503.63651
365 -0.821284 4.658964 374.437463 502.645985
366 -0.80322 4.662182 375.427867 501.655581
367 -0.829476 4.665399 376.417933 500.665515
368 -0.746087 4.668616 377.407658 499.67579
369 -0.749868 4.671833 378.397038 498.68641
370 -0.67047 4.675049 379.386071 497.697377
371 -0.693995 4.678267 380.374964 496.708484
372 -0.833887 4.681483 381.363291 495.720156
373 -0.700297 4.6847 382.351471 494.731976
374 -0.665429 4.687917 383.33929 493.744157
375 -0.711849 4.691133 384.326743 492.756704
376 -0.798389 4.69435 385.313827 491.769619
377 -0.763101 4.697566 386.30054 490.782907
378 -0.823594 4.700782 387.286876 489.79657
379 -0.771503 4.703998 388.272833 488.810614
380 -0.66858 4.707214 389.258611 487.824835
381 -0.686014 4.71043 390.243797 486.839649
382 -0.796498 4.713646 391.228795 485.854651
383 -0.781165 4.716862 392.213397 484.870049
384 -0.773603 4.720078 393.197598 483.885848
385 -0.810782 4.723293 394.181191 482.902254
386 -0.887029 4.726509 395.164579 481.918866
387 -0.883458 4.729724 396.147553 480.935892
388 -0.833047 4.73294 397.130109 479.953336
389 -0.791667 4.736156 398.112442 478.971002
390 -0.876316 4.739371 399.094148 477.989297
391 -0.920216 4.742586 400.075421 477.008023
392 -0.911184 4.745801 401.056258 476.027186
393 -0.868124 4.749017 402.036851 475.046593
394 -0.910134 4.752231 403.016799 474.066645
395 -0.767512 4.755446 403.996295 473.087148
396 -0.737265 4.758661 404.975531 472.107913
397 -0.869595 4.761876 405.954107 471.129336
398 -0.719621 4.76509 406.932216 470.151227
399 -0.725503 4.768305 407.910046 469.173397
400 -0.764361 4.771519 408.887203 468.19624
401 -0.685594 4.774734 409.864069 467.219374
402 -0.745037 4.777948 410.840251 466.243192
403 -0.867914 4.781163 411.815936 465.267506
404 -0.824225 4.784377 412.791312 464.29213
405 -0.84754 4.787591 413.765988 463.317454
406 -0.888289 4.790805 414.74015 462.343292
407 -0.810782 4.794019 415.713791 461.369651
408 -0.841238 4.797233 416.686906 460.396536
409 -0.785156 4.800446 417.659488 459.423954
410 -0.796498 4.80366 418.63153 458.451911
411 -0.821914 4.806874 419.603026 457.480415
412 -0.822544 4.810087 420.57397 456.509471
413 -0.795868 4.813301 421.544353 455.539088
414 -0.865184 4.816515 422.514171 454.56927
415 -0.817293 4.819728 423.483228 453.600213
416 -0.722982 4.822941 424.451891 452.631549
417 -0.726553 4.826154 425.419782 451.663658
418 -0.749658 4.829367 426.387079 450.696362
419 -0.648625 4.83258 427.353774 449.729666
420 -0.651146 4.835793 428.31986 448.76358
421 -0.633712 4.839006 429.28533 447.79811
422 -0.747978 4.842218 430.249993 446.833447
423 -0.779905 4.845431 431.214207 445.869233
424 -0.780115 4.848644 432.1776 444.905839
425 -0.749448 4.851856 433.140347 443.943092
426 -0.685804 4.855069 434.10244 442.981
427 -0.785996 4.858281 435.063869 442.01957
428 -0.793348 4.861493 436.02445 441.058989
429 -0.709119 4.864705 436.984352 440.099087
430 -0.799229 4.867917 437.943569 439.13987
431 -0.820654 4.871129 438.902091 438.181348
432 -0.764571 4.874342 439.85991 437.223528
433 -0.789147 4.877553 440.816842 436.266596
434 -0.775704 4.880765 441.773056 435.310383
435 -0.828636 4.883977 442.728542 434.354896
436 -0.776124 4.887188 443.683118 433.40032
437 -0.794818 4.8904 444.63695 432.446488
438 -0.820654 4.893611 445.590031 431.493407
439 -0.895641 4.896823 446.54235 430.541087
440 -0.777804 4.900034 447.493728 429.589709
441 -0.775704 4.903245 448.444329 428.639108
442 -0.791457 4.906456 449.393972 427.689465
443 -0.799859 4.909667 450.342993 426.740444
444 -0.837248 4.912878 451.290869 425.792568
445 -0.841028 4.916089 452.238105 424.845331
446 -0.774233 4.9193 453.184352 423.899085
447 -0.829686 4.92251 454.129771 422.953666
448 -0.859933 4.925721 455.074185 422.009252
449 -0.89396 4.928931 456.017755 421.065682
450 -0.749868 4.932142 456.960304 420.123132
451 -0.80406 4.935352 457.901993 419.181444
452 -0.771083 4.938562 458.842812 418.240624
453 -0.834937 4.941773 459.782587 417.300849
454 -0.85027 4.944982 460.721312 416.362124
455 -0.826325 4.948192 461.659143 415.424293
456 -0.881778 4.951402 462.596073 414.487363
457 -0.80322 4.954612 463.531929 413.551507
458 -0.873586 4.957822 464.466704 412.616732
459 -0.815613 4.961031 465.400554 411.682881
460 -0.89207 4.964241 466.333472 410.749964
461 -0.902572 4.967451 467.265286 409.818149
462 -0.838928 4.97066 468.195991 408.887444
463 -0.829056 4.973869 469.12558 407.957855
464 -0.856992 4.977079 470.054368 407.029067
465 -0.890389 4.980288 470.981864 406.101571
466 -0.807001 4.983497 471.908384 405.175051
467 -0.738315 4.986706 472.833761 404.249674
468 -0.818763 4.989915 473.758147 403.325288
469 -0.818763 4.993123 474.681219 402.402216
470 -0.823174 4.996332 475.603445 401.47999
471 -0.813512 4.999541 476.524345 400.55909
472 -0.823174 5.002749 477.444228 399.639207
473 -0.863293 5.005958 478.362931 398.720503
474 -0.919586 5.009166 479.280449 397.802985
475 -1.003815 5.012374 480.196931 396.886503
476 -1.023349 5.015583 481.112217 395.971217
477 -0.921056 5.018791 482.026301 395.057133
478 -0.866234 5.021999 482.939178 394.144256
479 -0.970627 5.025206 483.850843 393.232591
480 -0.927148 5.028415 484.761444 392.32199
481 -1.058847 5.031622 485.670672 391.412762
482 -1.023139 5.03483 486.578825 390.504609
483 -0.970837 5.038037 487.485748 389.597686
484 -0.988691 5.041245 488.391435 388.691999
485 -0.896691 5.044453 489.296033 387.7874
486 -0.996253 5.04766 490.199237 386.884196
487 -0.994363 5.050867 491.101194 385.982239
488 -0.929248 5.054074 492.002049 385.081384
489 -0.995203 5.057281 492.9015 384.181934
490 -0.901732 5.060488 493.799839 383.283594
491 -0.918956 5.063695 494.696769 382.386664
492 -1.007806 5.066902 495.592581 381.490853
493 -0.818763 5.070109 496.486976 380.596457
494 -0.915805 5.073316 497.380246 379.703187
495 -0.953194 5.076522 498.272094 378.811339
496 -0.843129 5.079728 499.162665 377.920768
497 -1.019148 5.082935 500.052099 377.031334
498 -0.89438 5.086141 500.940105 376.143328
499 -0.943531 5.089348 501.826825 375.256608
500 -0.884928 5.092554 502.712256 374.371176
501 -0.771713 5.095759 503.596254 373.487179
502 -0.881567 5.098966 504.479101 372.604332
503 -0.961385 5.102171 505.36051 371.722922
504 -0.884928 5.105378 506.240764 370.842669
505 -0.994153 5.108583 507.119576 369.963857
506 -1.031541 5.111789 507.996947 369.086486
507 -1.051285 5.114994 508.873155 368.210278
508 -1.023769 5.1182 509.747918 367.335514
509 -0.942481 5.121405 510.621375 366.462057
510 -0.967057 5.124611 511.493525 365.589908
511 -0.979029 5.127816 512.364226 364.719206
512 -0.947732 5.131021 513.233618 363.849815
513 -1.061368 5.134226 514.101697 362.981735
514 -1.009696 5.137431 514.968327 362.115105
515 -0.946262 5.140636 515.833642 361.24979
516 -0.968737 5.143841 516.697643 360.385789
517 -0.951933 5.147045 517.560192 359.52324
518 -1.046244 5.15025 518.421424 358.662008
519 -1.155259 5.153454 519.281204 357.802228
520 -1.018098 5.156659 520.139666 356.943766
521 -0.987851 5.159863 520.996675 356.086757
522 -1.078802 5.163068 521.852365 355.231067
523 -0.974198 5.166272 522.706735 354.376697
524 -0.904253 5.169476 523.559519 353.523913
525 -0.98029 5.17268 524.411115 352.672317
526 -0.950883 5.175884 525.261258 351.822174
527 -0.908664 5.179088 526.109948 350.973484
528 -1.023559 5.182292 526.957186 350.126245
529 -0.978399 5.185495 527.803103 349.280328
530 -0.779695 5.188699 528.647569 348.435862
531 -0.791667 5.191902 529.490713 347.592718
532 -0.841869 5.195106 530.332406 346.751025
533 -0.873166 5.198309 531.172649 345.910782
534 -0.946892 5.201513 532.011571 345.07186
535 -0.906773 5.204716 532.849044 344.234388
536 -0.889549 5.207919 533.685068 343.398363
537 -0.901312 5.211122 534.519645 342.563787
538 -0.841659 5.214325 535.352901 341.73053
539 -0.928408 5.217528 536.184712 340.89872
540 -0.934919 5.220731 537.015077 340.068355
541 -0.914125 5.223933 537.843997 339.239434
542 -0.896691 5.227136 538.671599 338.411832
543 -0.854891 5.230338 539.497634 337.585797
544 -0.882408 5.233541 540.322352 336.761079
545 -1.02713 5.236743 541.145629 335.937803
546 -0.926097 5.239945 541.967343 335.116089
547 -0.940801 5.243147 542.787742 334.295689
548 -0.931979 5.24635 543.606703 333.476728
549 -0.966637 5.249552 544.424229 332.659202
550 -0.921266 5.252754 545.240442 331.842989
551 -0.921056 5.255956 546.055098 331.028333
552 -0.985751 5.259157 546.868323 330.215108
553 -0.976089 5.262359 547.680116 329.403315
554 -0.974408 5.265561 548.49048 328.592951
555 -0.904883 5.268762 549.299414 327.784016
556 -0.956134 5.271963 550.106803 326.976628
557 -0.960125 5.275165 550.912885 326.170546
558 -0.929668 5.278366 551.717543 325.365888
559 -0.898791 5.281567 552.520659 324.562772
560 -0.947942 5.284768 553.322354 323.761077
561 -0.867704 5.28797 554.122747 322.960684
562 -0.918536 5.291171 554.921604 322.161827
563 -0.914335 5.294371 555.718927 321.364504
564 -0.898161 5.297572 556.514952 320.568479
565 -0.944161 5.300773 557.309446 319.773984
566 -1.067249 5.303973 558.102529 318.980902
567 -0.928828 5.307174 558.894201 318.189229
568 -0.960335 5.310374 559.68435 317.399081
569 -1.018518 5.313575 560.473205 316.610225
570 -0.986591 5.316775 561.260427 315.823004
571 -0.98281 5.319975 562.046358 315.037072
572 -0.915805 5.323175 562.830774 314.252656
573 -0.880097 5.326375 563.61379 313.469641
574 -0.927988 5.329575 564.395293 312.688137
575 -0.84628 5.332775 565.175401 311.90803
576 -0.826745 5.335974 565.954001 311.12943
