0 1.0 2.0404318753266586 2.0449509647624495 2.0128883649986924 2.0009959858498854
1 2.0 2.109414840472009 2.0971140874057896 2.039515509595469 2.0045804952903135
2 3.0 2.150686157962207 2.1440328490092386 2.058324675920037 2.009957813347922
3 4.0 2.192107202149827 2.191792085815033 2.0794640987029243 2.017471882874135
4 5.0 2.2335763449678083 2.233736647480531 2.103007090842554 2.025742040031864
5 6.0 2.2749829558635772 2.2828900710160576 2.129029802906176 2.0374061796824035
6 7.0 2.3162071120040646 2.33268187297275 2.157610823305088 2.051392787230985
7 8.0 2.3571193724250685 2.3830235277436036 2.188830670014341 2.06777604923349
8 9.0 2.3698863783604103 2.433816146093547 2.1991966630425286 2.086635003890929
9 10.0 2.410175685266075 2.491869622070587 2.2340088841871855 2.1111445039999217
10 11.0 2.4498164223084395 2.5432425082484382 2.2716499213548214 2.1355752218813637
11 12.0 2.488647133116824 2.5946821747722795 2.3122013650438924 2.162759503696296
12 13.0 2.5264970200888257 2.646040358447288 2.355742913438439 2.1927946751942415
13 14.0 2.5631863655684186 2.697155513320572 2.4023510158782786 2.2257815291769663
14 15.0 2.5985271432200188 2.7478524491105154 2.452097306405629 2.261823679165055
15 16.0 2.63232384263828 2.797942091215663 2.5050468153796968 2.3010267396175474
16 17.0 2.6643745293323495 2.8472213913977615 2.5612559510059434 2.343497307893018
17 18.0 2.694472160247621 2.89547342128357 2.620770247955547 2.3893417220782673
18 19.0 2.722406171719351 2.936208235725006 2.683621887248286 2.4318020353056036
19 20.0 2.7479643519820236 2.9819184801772027 2.7498270003933367 2.4842156308884067
20 21.0 2.770935003905881 3.0259069799636062 2.8193827815111194 2.5402917274492824
21 22.0 2.8032237368911392 3.0679085351581197 2.9441470674970613 2.600119053659376
22 23.0 2.818228784608906 3.1076483222101956 3.022508075666675 2.6637760264093826
23 24.0 2.829913497509743 3.144843803614342 3.103995159784297 2.7313277333943926
24 25.0 2.838105411630052 3.1792070675707187 3.188475304674052 2.802822577573695
25 26.0 2.842649618092847 3.2104476197440683 3.2757791223914907 2.8782885994578655
26 27.0 2.8434122183021144 3.238275638312615 3.36569836365234 2.9577295097987473
27 28.0 2.840283723140728 3.2624056892349786 3.457983910608426 3.041120485113303
28 29.0 2.8331822913986486 3.282560880943918 3.5523443925269125 3.128403801316271
29 30.0 2.822056693543771 3.298477416622952 3.6484455656789336 3.2194844059984145
30 31.0 2.806888882227032 3.309909478261625 3.745910590745955 3.3142255565953964
31 32.0 2.78769605170602 3.3166343506068525 3.84432132422006 3.4124446784300297
32 33.0 2.76453207556679 3.3184576661317537 3.9432207140313777 3.5139096214955856
33 34.0 2.737488226238527 3.3152186258496315 4.042116354095205 3.6183355155712276
34 35.0 2.706693100853156 3.3067950272100664 4.1404852085745985 3.7253824371932582
35 36.0 2.6723117054367225 3.293107911714071 4.237779466239204 3.834654106379642
36 37.0 2.660800762652596 3.2741256336808817 4.26803455324115 3.9456978231770172
37 38.0 2.6220151707166686 3.249867150084694 4.363054578254245 4.058005831888364
38 39.0 2.580153493975905 3.216036226016136 4.4556768571571235 4.186289905880257
39 40.0 2.5354842260401305 3.1808223961519007 4.545325258414801 4.2993636467249905
40 41.0 2.488299025151394 3.140738612331059 4.631433770443775 4.411795636682993
41 42.0 2.4389079366665642 3.0960243950172406 4.713455575307884 4.522900323036043
42 43.0 2.3876342587055674 3.0469685663035144 4.790871904104496 4.6319697968070015
43 44.0 2.334809222736498 2.9939049306295065 4.863200380589524 4.73828470367164
44 45.0 2.2807666655034793 2.937206742754336 4.93000257912033 4.841126082697506
45 46.0 2.2258378634699634 2.8772801390279064 4.990890557771393 4.9397877480403025
46 47.0 2.1703466865320795 2.8145567613769784 5.045532174930649 5.03358878273566
47 48.0 2.1146052055747364 2.749485843511716 5.093655054243595 5.12188569282082
48 49.0 2.058909860475647 2.6825260523651235 5.135049124248476 5.2040837768007755
49 50.0 2.0035382637137182 2.614137382946402 5.169567721082423 5.2796472999615185
50 51.0 1.9487466821865218 2.5447733915993407 5.197127301137182 5.348108122632842
51 52.0 1.8947682084064716 2.474874022797681 5.217705862036371 5.409072511297604
52 53.0 1.8418116037979364 2.4048592412195435 5.231340212215006 5.462225954782633
53 54.0 1.7900607727551803 2.335123628085095 5.238122260146708 5.507335907076837
54 55.0 1.739674807310662 2.266032043272449 5.238194513353754 5.544252475973848
55 56.0 1.69078852904918 2.1979163971561566 5.231744985143207 5.572907165859207
56 57.0 1.6435134471687614 2.131073522532175 5.219001704677847 5.593309858085461
57 58.0 1.597939048849978 2.0657640906184023 5.200227015176738 5.605544269826527
58 59.0 1.5541343396128304 2.0022124781046484 5.175711827701565 5.609762170333478
59 60.0 1.5121495562340355 1.9406074656151662 5.145769976157386 5.606176652200529
60 61.0 1.4720179821446042 1.8811036317749197 5.110732794759459 5.595054756189203
61 62.0 1.4337578041446606 1.8238233005466886 5.0709440140094895 5.5767097340537735
62 63.0 1.3973739589726908 1.768858901254896 5.026755046600455 5.551493208022955
63 64.0 1.3628599280942957 1.716275609019086 4.978520711710875 5.519787451708456
64 65.0 1.3301994485215642 1.6661141463604507 4.926595425603785 5.48199797869168
65 66.0 1.2993681161732076 1.6183936427628582 4.871329868757756 5.43854658495362
66 67.0 1.2703348660045368 1.5731144664076862 4.813068125110824 5.389864952176533
67 68.0 1.2430633197542034 1.5302609598787242 4.752145277373003 5.336388882654104
68 69.0 1.2175129976408214 1.4898040283711385 4.6888854335856305 5.2785532043791346
69 70.0 1.1936403947331418 1.451703544159533 4.623600153901969 5.216787357556536
70 71.0 1.1713999260955614 1.4159105443743591 4.556587242599243 5.151511651571194
71 72.0 1.1507447472872223 1.3823692103169691 4.488129868250429 5.083134164220398
72 73.0 1.1316274584933352 1.3510186255987864 4.418495974430191 5.012048242437215
73 74.0 1.114000701619383 1.3217943174318691 4.3479379439690975 4.938630555259127
74 75.0 1.0978176602058496 1.2946295906191922 4.276692481303321 4.863239644827602
75 76.0 1.083032472136065 1.2694566674318806 4.204980679631642 4.786214919106359
76 77.0 1.0696005649127063 1.2492351087270064 4.133008242167598 4.718512971970782
77 78.0 1.0574789228552055 1.2275961077344875 4.0609658295819715 4.63927967552297
78 79.0 1.0466262949923566 1.2077566953681205 3.989029508627726 4.559274812178367
79 80.0 1.031095114619405 1.1896525654637564 3.8684412491222715 4.478760753166491
80 81.0 1.0234618697554487 1.173221636266855 3.797554545648991 4.397980382659439
81 82.0 1.0169629412811345 1.1584043810492197 3.7273060907005306 4.3171576432244185
82 83.0 1.0115667874887853 1.1451440742823311 3.6578113979093785 4.236498203211551
83 84.0 1.0072440390342348 1.133386966176277 3.589174934650074 4.1561902160615976
84 85.0 1.0039674831710161 1.1230823970565331 3.521490803727861 4.076405145708282
85 86.0 1.0017120327225837 1.1141828617312721 3.454843418517684 3.9972986361313096
86 87.0 1.0004546828078043 1.1066440327372753 3.3893081657911193 3.919011406649004
87 88.0 1.0001744578657543 1.100424750167385 3.3249520517121836 3.8416701577091743
88 89.0 1.0008523511081244 1.0954869846916726 3.2618343275516057 3.7653884747428497
89 90.0 1.0024712581582547 1.0917957793951758 3.2000070925806257 3.6902677201022036
90 91.0 1.0050159063114468 1.0893191751685602 3.1395158723754806 3.6163979052312296
91 92.0 1.008472780567597 1.0880281236017748 3.0804001714088756 3.543858537041752
92 93.0 1.0128300473405538 1.0878963906397905 3.0226939993402517 3.472719434016632
93 94.0 1.0180774765346075 1.0889004536566995 2.9664263708564444 3.4030415088648476
94 95.0 1.0242063624935678 1.0910193940820228 2.9116217792716355 3.3348775156390666
95 96.0 1.0312094441681081 1.0942347872630966 2.8583006443819445 3.2682727601216173
96 97.0 1.0390808247092764 1.0985305908615688 2.806479735296099 3.20326577301561
97 98.0 1.0478158905770505 1.1038930327525076 2.756172569138603 3.1398889460668493
98 99.0 1.0574112301500098 1.1103104991142545 2.707389786654004 3.078169131710743
99 100.0 1.0678645517328418 1.1177734231589271 2.6601395058371216 3.018128207204682
100 101.0 1.0791746007806255 1.1262741747514136 2.614427654780749 2.959783604487188
101 102.0 1.091341076090482 1.1358069509933066 2.570258284974683 2.903148807214639
102 103.0 1.104364544650694 1.1463676677023715 2.5276338663121427 2.8482338165772085
103 104.0 1.1182463547833237 1.1579538515938603 2.4865555650660323 2.7950455875978717
104 105.0 1.1329885471675085 1.1705645328631833 2.4470235060907637 2.7435884376822823
105 106.0 1.1485937632857874 1.1842001377771039 2.4090370204882476 2.6938644292190337
106 107.0 1.1650651507944714 1.1988623807996561 2.372594879951714 2.6458737280372406
107 108.0 1.1824062652801255 1.2145541557073618 2.3376955189690847 2.599614939516325
108 109.0 1.2006209678275912 1.2312794250834764 2.3043372460311775 2.5550854241154437
109 110.0 1.219713317789873 1.2490431075217205 2.272518444948832 2.5122815940516103
110 111.0 1.2396874601166885 1.2678509618143678 2.2422377673388882 2.4711991928087715
111 112.0 1.2605475065663476 1.2877094673467993 2.2134943172913664 2.4318335591069475
112 113.0 1.282297410094948 1.3086256998695032 2.1862878291799404 2.394179876903722
113 114.0 1.3049408316879474 1.3306072017686386 2.1606188395242176 2.358233412940141
114 115.0 1.3284809988723671 1.3536618459064238 2.136488853755581 2.3239897432813
115 116.0 1.3529205551237342 1.3777976920537227 2.113900508677262 2.2914449702386412
116 117.0 1.3782613993613597 1.4030228348875757 2.092857731343471 2.260595930996508
117 118.0 1.404504514709469 1.4293452424776578 2.0733658950103706 2.2314403991998946
118 119.0 1.431649785691555 1.4567725841370356 2.055431972732076 2.203977280693163
119 120.0 1.4596958030225995 1.4853120464652052 2.0390646890861817 2.1782068045295895
120 121.0 1.488639655170403 1.5149701363659818 2.0242746704130554 2.1541307102989546
121 122.0 1.5184767058756117 1.5457524697805172 2.0110745938393433 2.1317524327423287
122 123.0 1.5492003568527002 1.5776635448379466 1.9994793352257358 2.1110772845390837
123 124.0 1.5808017949444866 1.6107064980950074 1.989506116028827 2.0921126380585107
124 125.0 1.6132697230744426 1.644882842513873 1.9811746488933502 2.074868106764155
125 126.0 1.6465900744384234 1.6801921858168778 1.9745072815898268 2.0593557268413303
126 127.0 1.6807457095054756 1.7166319278619493 1.9695291386792801 2.045590139482117
127 128.0 1.7157160955618087 1.7541969357072296 1.9662682600158359 2.0335887741047305
128 129.0 1.7514769687392406 1.7928791950828815 1.9647557348841085 2.0233720325996196
129 130.0 1.787999978726641 1.8326674370683038 1.9650258302053432 2.0149634744780607
130 131.0 1.8252523166781065 1.8735467388912184 1.9671161108275403 2.0083900025434422
131 132.0 1.8631963272135237 1.915498097929417 1.9710675494336785 2.0036820484042144
132 133.0 1.9017891058652954 1.9584979782161578 1.9769246230519066 2.000873756791725
133 134.0 1.9409820838691387 2.002517829036971 1.9847353925252202 2.000003167227513
134 135.0 1.980720602837533 2.0475235755719825 1.9945515605900228 2.001112391091976
135 136.0 2.0209434826016497 2.09347508199732 2.0064285034178306 2.0042477815700592
136 137.0 2.061582586371575 2.140325588028137 2.0204252695891713 2.009460093276396
137 138.0 2.10256238835392 2.1880211205807822 2.036604539492778 2.0168046275817058
138 139.0 2.143799550087564 2.23649988307199 2.0550325370798577 2.0263413587601535
139 140.0 2.185202513016266 2.28569162587796 2.075778884760609 2.0381350350435663
140 141.0 2.2266711162109383 2.335517002666272 2.0989163910235473 2.0522552474909306
141 142.0 2.268096249678388 2.3858869187084055 2.1245207591111486 2.0687764582528336
142 143.0 2.309359555333396 2.436701878899834 2.1526702038327308 2.087777978326062
143 144.0 2.3503331894430155 2.4878513450727695 2.1834449623853778 2.1093438832538065
144 145.0 2.3908796621394353 2.5392131142960763 2.21692668395015 2.133562853441912
145 146.0 2.430851771388525 2.5906527322207595 2.253197681917291 2.160527923850877
146 147.0 2.4700926505250185 2.6420229581408856 2.292340031974158 2.1903361258216565
147 148.0 2.5084359500309494 2.69316330127792 2.3344344990913206 2.223088001754277
148 149.0 2.5457061755268096 2.7438996508208033 2.3795592768166154 2.258886971358758
149 150.0 2.581719204825345 2.7940440253990686 2.4277885234099372 2.2978385263428995
150 151.0 2.616283007201686 2.8433944708380308 2.4791906814185993 2.3400492288313783
151 152.0 2.6491985875726094 2.891735138109527 2.533826570515785 2.385625487703407
152 153.0 2.6802611768457476 2.938836576176444 2.591747248019101 2.4346720866138036
153 154.0 2.709261687079538 2.984456276710021 2.652991637679337 2.487290437992294
154 155.0 2.735988446070798 3.0283395091630267 2.7175839352587357 2.543576539110402
155 156.0 2.7602292203625636 3.070220485083056 2.7855308092251754 2.603618609715316
156 157.0 2.7817735282845804 3.109823889476229 2.8568184266080774 2.667494396135684
157 158.0 2.80041523541504 3.146866814071822 2.9314093476054635 2.7352681345515473
158 159.0 2.815955413797092 3.1810611220658074 3.0092393476481005 2.80698717665466
159 160.0 2.8282054335008304 3.21211626591786 3.090214241867519 2.8826782945049167
160 161.0 2.836990240998385 3.2397425686777033 3.1742068036010744 2.96234369819731
161 162.0 2.8421517638121587 3.263654964858197 3.2610538847745554 3.045956819986587
162 163.0 2.8435523657025263 3.2835771789591695 3.3505538605643266 3.1334579415172796
163 164.0 2.8410782621796846 3.299246298514009 3.4424645322808165 3.2247497661796958
164 165.0 2.8346427934247784 3.3104176744261875 3.5365016294152767 3.319693065364828
165 166.0 2.824189441977058 3.3168700551964374 3.632338052701162 3.418102554078894
166 167.0 2.809694477009322 3.318410834638232 3.729603993420273 3.5197431760920437
167 168.0 2.791169106818956 3.3148812664814034 3.8278880488785942 3.624326999208292
168 169.0 2.768661027243482 3.3061614758926825 3.92673942931346 3.731510934709025
169 170.0 2.742255266656256 3.2921750796960074 4.025671317459197 3.8408954987732202
170 171.0 2.7120742481221063 3.2728932163605284 4.1241653993894065 3.95202482508813
171 172.0 2.678277015731249 3.2483377859205675 4.22167753575881 4.064388114788687
172 173.0 2.64105760399966 3.218583710772468 4.317644488751026 4.1774226710106666
173 174.0 2.6006425648419014 3.1837600519201152 4.411491565220651 4.290518610636231
174 175.0 2.557287703805517 3.144049851885344 4.502640984530442 4.4030252766862406
175 176.0 2.5112741134952627 3.099688624133965 4.590520734431982 4.514259294373017
176 177.0 2.4629036248057394 3.0509614671777308 4.674573643794874 4.623514126797139
177 178.0 2.412493823288408 2.9981988459668734 4.754266380177778 4.730070898732085
178 179.0 2.360372796698149 2.941771149292062 4.829098075255644 4.833210175813924
179 180.0 2.306873789141137 2.8820821946196995 4.898608292778185 4.932224318802708
180 181.0 2.2523299367207317 2.8195619060229453 4.962384081429164 5.026429984800615
181 182.0 2.1970692494395094 2.754658432137527 5.020065896707851 5.115180324318196
182 183.0 2.1414099854477295 2.6878299959633134 5.071352228631488 5.197876427655207
183 184.0 2.0856565382684 2.619536774961066 5.116002831714903 5.273977606440252
184 185.0 2.030095927555291 2.5502330981028254 5.15384051598823 5.343010153956535
185 186.0 1.9749949516265795 2.480360217884167 5.184751518492342 5.404574306315216
186 187.0 1.9205980277859072 2.4103398728370853 5.208684529934194 5.458349219081681
187 188.0 1.8671257163533095 2.340568803892816 5.225648497959115 5.504095873082994
188 189.0 1.8147738980167543 2.271414330673601 5.235709364747121 5.541657921168787
189 190.0 1.7637135527057597 2.203211036073261 5.2389859213462175 5.570960577707595
190 191.0 1.7140910722726457 2.1362585534632617 5.235644974285372 5.5920077289785635
191 192.0 1.6660290289387956 2.070820403830298 5.225896022369725 5.604877501539119
192 193.0 1.6196273164022645 2.007123792350514 5.209985634590985 5.609716565220775
193 194.0 1.5749645800781502 1.94536024646635 5.188191705629557 5.606733467567355
194 195.0 1.5320998563289043 1.8856869605612967 5.160817745503402 5.596191298773458
195 196.0 1.4910743468238632 1.8282287050917074 5.128187336536275 5.578399973139555
196 197.0 1.4519132624350528 1.7730801591940404 5.090638865812507 5.553708388057892
197 198.0 1.4146276804906286 1.7203085336451722 5.048520616224427 5.522496688165172
198 199.0 1.3792163690466916 1.669956363788115 5.002186275345963 5.485168824024643
199 200.0 1.3456675415221242 1.622044367879538 4.951990899587136 5.442145554637901
200 201.0 1.313960514136082 1.5765742836924657 4.898287351984964 5.39385800379951
201 202.0 1.2840672467993515 1.5335316138127268 4.841423215868744 5.340741843738534
202 203.0 1.2559537552667652 1.492888226899351 4.7817381735739435 5.283232146967803
203 204.0 1.2295813883871403 1.4546047775373392 4.719561829261635 5.221758919545677
204 205.0 1.2049079691964628 1.4186329207653408 4.655211947498439 5.1567433063372325
205 206.0 1.1818888024522745 1.384917308710037 4.58899307425523 5.088594441260283
206 207.0 1.1604775541020742 1.3533973659780445 4.521195504040934 5.017706902572571
207 208.0 1.1406270102359006 1.3240088476493488 4.452094555642971 4.9444587244837175
208 209.0 1.1222897244210757 1.2966851890720679 4.381950119051579 4.869209911154918
209 210.0 1.1054185630816962 1.271358660411803 4.311006437283992 4.792301396849252
210 211.0 1.0899671588850322 1.2479613413145156 4.239492088715903 4.7140543960042764
211 212.0 1.0758902820383534 1.226425932351408 4.167620137930484 4.6347700887535925
212 213.0 1.0631441390753065 1.206686420361195 4.095588425811664 4.554729590431109
213 214.0 1.0516866081993628 1.1886786146009864 4.0235799724776165 4.474194157431594
214 215.0 1.0414774196172212 1.172340569940191 3.9517634695487875 4.393405586130509
215 216.0 1.0324782885890933 1.1576129123336696 3.880293841078429 4.312586766114207
216 217.0 1.024653008185387 1.1444390806117395 3.809312855176678 4.231942353530189
217 218.0 1.017967508000751 1.132765497320734 3.7389497708858928 4.151659534786673
218 219.0 1.0123898843586572 1.1225416800108041 3.669322007188743 4.0719088550044225
219 220.0 1.007890406857749 1.1137203030504108 3.600535823137365 3.9928450894863987
220 221.0 1.0044415054750062 1.106257218786073 3.5326869999789268 3.9146081399834016
221 222.0 1.0020177418556482 1.1001114456860608 3.465861517824388 3.8373239406825577
222 223.0 1.000595767888319 1.0952451300214774 3.4001362208731716 3.7611053616316776
223 224.0 1.0001542741860208 1.0916234866546208 3.3355794664801284 3.6860530997496075
224 225.0 1.0006739306672396 1.0892147236238807 3.272251754447938 3.612256549682258
225 226.0 1.0021373210545377 1.0879899544336673 3.2102063338644746 3.5397946485716867
226 227.0 1.0045288727763007 1.087923101272052 3.1494897855971713 3.468736690339981
227 228.0 1.007834783467266 1.0889907917807131 3.0901425792213706 3.3991431063797823
228 229.0 1.012042945010876 1.0911722514838043 3.03219960371224 3.331066210617439
229 230.0 1.0171428658474173 1.0944491935360674 2.9756906716847644 3.2645509078002575
230 231.0 1.0231255920823181 1.0988057070681607 2.9206409973364686 3.199635364581548
231 232.0 1.0299836277652776 1.1042281450806357 2.8670716485449717 3.136351643558612
232 233.0 1.0377108545696725 1.110705012560084 2.8149999738079488 3.0747263008811956
233 234.0 1.0463024509797603 1.1182268552550239 2.764440004896032 3.0147809484088293
234 235.0 1.0557548109878232 1.1267861493489704 2.7154028362278964 2.9565327816721356
235 236.0 1.0660654622120231 1.1363771920981354 2.6678969820785547 2.8999950750988077
236 237.0 1.077232983266132 1.1469959933568845 2.621928712803209 2.845177646112839
237 238.0 1.0892569201425168 1.1586401677907006 2.577502371304844 2.7920872898155804
238 239.0 1.1021377013080567 1.1713088274706493 2.534620670999256 2.740728186018862
239 240.0 1.115876551157659 1.1850024744515706 2.4932849765398384 2.691102280430725
240 241.0 1.1304754014203187 1.1997228928560255 2.453495568559744 2.643209641800638
241 242.0 1.1459368000673371 1.215473039914629 2.4152518936735654 2.5970487968177274
242 243.0 1.1622638172303432 1.2322569353490949 2.3785528009567574 2.552617044527611
243 244.0 1.1794599475975307 1.250079548425176 2.3433967660903186 2.509910751994478
244 245.0 1.1975290087195103 1.2689466819472919 2.3097821043223665 2.4689256328877254
245 246.0 1.2164750346208058 1.288864852414107 2.277707173357766 2.4296570106192785
246 247.0 1.2363021640793004 1.309841165503146 2.247170567243409 2.3921000676003747
247 248.0 1.2570145229035181 1.3318831860026583 2.2181713022695573 2.356250082126514
248 249.0 1.2786160995067415 1.3549988012593865 2.1907089958579293 2.322102654337331
249 250.0 1.3011106130476655 1.3791960771616958 2.16478403935423 2.289653922634713
250 251.0 1.3245013733801572 1.4044831056279878 2.140397765586544 2.258900771878095
251 252.0 1.3487911320300128 1.430867842521779 2.117552611990783 2.2298410346100934
252 253.0 1.3739819233954302 1.4583579348659383 2.096252280039365 2.2024736864983185
253 254.0 1.4000748953510147 1.4869605361815177 2.0765018916383324 2.176799037109355
254 255.0 1.427070128423893 1.5166821087312672 2.0583081430800476 2.1528189170577083
255 256.0 1.4549664427064593 1.5475282114057503 2.0416794570513046 2.1305368624943273
256 257.0 1.4837611916751214 1.5795032719526825 2.026626133098813 2.1099582978148232
257 258.0 1.5134500421006798 1.6126103422193172 2.013160496842394 2.0910907173740827
258 259.0 1.5440267392659868 1.6468508350561322 2.001297048098959 2.0739438668892127
259 260.0 1.5754828567537837 1.682224241520352 1.991052607933656 2.058529925094043
260 261.0 1.6078075301353085 1.7187278270239816 1.9824464644850575 2.044863686071191
261 262.0 1.640987173983159 1.756356305096892 1.9755005172150764 2.0329627425289507
262 263.0 1.6750051817543752 1.795101487486595 1.9702394190065584 2.0228476701040523
263 264.0 1.7098416082477061 1.8349519093985573 1.9666907152671516 2.014542212552485
264 265.0 1.7454728345385977 1.8758924288015604 1.9648849788919855 2.0080734674331664
265 266.0 1.7818712155438508 1.9179037988896166 1.9648559395830187 2.0034720715845187
266 267.0 1.8190047106728282 1.9609622130159357 1.9666406056141899 2.000772385335459
267 268.0 1.8568364983923498 2.0050388217050905 1.9702793756611416 2.000012673969441
268 269.0 1.8953245759770887 2.050099221720864 1.9758161377759549 2.0012352844633035
269 270.0 1.93442134624648 2.0961029176325523 1.9832983519741658 2.004486814941049
270 271.0 1.9740731937129934 2.1430027568979217 1.992777112207195 2.009818273603911
271 272.0 2.014220053295458 2.1907443401839344 2.004307182712845 2.0172852231107417
272 273.0 2.054794975595081 2.2392654094953937 2.017947002866532 2.026947905473566
273 274.0 2.095723693699621 2.2884952176966147 2.0337586536948398 2.038871341491532
274 275.0 2.1369241975805258 2.3383538842122444 2.0518077781638984 2.0531253975604624
275 276.0 2.1783063233829933 2.3887517431006473 2.0721634462246508 2.069784811358007
276 277.0 2.219771366280617 2.4395886913253606 2.094897954399907 2.0889291664107454
277 278.0 2.261211727069363 2.490753546922222 2.1200865484555402 2.110642803901566
278 279.0 2.302510604297839 2.5421234288839307 2.1478070564436034 2.1350146582826306
279 280.0 2.3435417454496243 2.593563172961469 2.1781394181838962 2.1621380013423948
280 281.0 2.384169272474901 2.6449248002072494 2.2111650961241494 2.192110077369745
281 282.0 2.4242475987631806 2.6960470579346523 2.2469663515670772 2.225031610019228
282 283.0 2.463621456389636 2.7467550558016254 2.2856253695755493 2.261006159486804
283 284.0 2.502126054066881 2.796860022875755 2.3272232155888304 2.300139306762824
284 285.0 2.539587387581186 2.846159214707229 2.371838607050486 2.34253764017973
285 286.0 2.5758227254520625 2.8944360024904316 2.419546484333686 2.388307518397244
286 287.0 2.6106412929661995 2.9414601791570014 2.4704163671455186 2.437553583591694
287 288.0 2.6438451774169636 2.986988519488251 2.5245104856072333 2.490376999209091
288 289.0 2.675230476125218 3.0307656327852186 2.5818816795589234 2.5468733885175108
289 290.0 2.7045887064098784 3.0725251469631996 2.642571065534108 2.60713045370729
290 291.0 2.73170849290072 3.1119912617676557 2.7066054784767255 2.6712252608174696
291 292.0 2.756377542240134 3.148880705729562 2.7739947047623374 2.7392211837003653
292 293.0 2.7783849081405165 3.187261270748349 2.84472853448935 2.8211767305572946
293 294.0 2.797523540849195 3.2176820114358415 2.918773674258619 2.897629718750483
294 295.0 2.8135931043161317 3.2446188312549498 2.996070576540175 2.978054265080866
295 296.0 2.8264030318811075 3.2677880119187073 3.0765302578204343 3.0624177941163073
296 297.0 2.8357757773743737 3.2869154721984235 3.1600311943929236 3.150653732428932
297 298.0 2.841550203621245 3.3017414096456106 3.2464164010172905 3.24265708430314
298 299.0 2.843585035121314 3.31202525378585 3.3354908125974303 3.338280109084041
299 300.0 2.8417622870024726 3.317550832233293 3.4270191011743836 3.4373282605793056
300 301.0 2.835990569273797 3.318131624185941 3.5207240683935432 3.539556573009807
301 302.0 2.8262081550935076 3.313615949938649 3.6162857556331405 3.6446666972977204
302 303.0 2.8123856954527997 3.303891922477286 3.713341408702586 3.7523048032996975
303 304.0 2.794528461520977 3.288891970228167 3.811486420220448 3.862060565173403
304 305.0 2.7726780008828595 3.2685967310327637 3.910276349696119 3.973467435846829
305 306.0 2.7469131056821716 3.2430381186247472 4.009230088831126 4.086004390529759
306 307.0 2.717350009463923 3.2123013760645374 4.107834198280831 4.199099277280044
307 308.0 2.6841417549222224 3.1765259567278297 4.205548393611637 4.312133855007887
308 309.0 2.6474767058278346 3.135905112504569 4.301812104878666 4.424450527717897
309 310.0 2.6075762115440577 3.090684119571037 4.396051979341456 4.535360701672623
310 311.0 2.564691469630461 3.041157131891603 4.48769014409833 4.64415460452888
311 312.0 2.5190996686115854 2.9876627177491466 4.576152998857389 4.750112318635347
312 313.0 2.4710995264454496 2.930578200455418 4.660880272514431 4.8525157015968485
313 314.0 2.421006368083015 2.8703129858590817 4.741334053935117 4.950660802905378
314 315.0 2.36914690567182 2.8073011113453297 4.81700749963224 5.043870342081099
315 316.0 2.31585389594903 2.741993289372772 4.887432929925986 5.131505795912173
316 317.0 2.2614608504938265 2.6748487400814267 4.952189050304316 5.212978652346792
317 318.0 2.206296965914634 2.6063271105642447 5.010907074304156 5.2877604260980435
318 319.0 2.150682423692187 2.5368807632031847 5.063275575351286 5.355391093193914
319 320.0 2.094924184926826 2.4669476838995013 5.109043953789068 5.41548568338954
320 321.0 2.0393123757693488 2.3969452163547404 5.148024467494427 5.467738863762781
321 322.0 1.9841173272080501 2.3272647750302453 5.180092835710251 5.511927446311526
322 323.0 1.9295873004875363 2.258267631706663 5.205187482104844 5.547910849381761
323 324.0 1.8759468988627452 2.1902818132551123 5.223307531423339 5.575629630536771
324 325.0 1.8233961393589493 2.1236000953228924 5.2345097121953055 5.595102281749567
325 326.0 1.7721101359285303 2.058479031234871 5.238904344616573 5.606420533102494
326 327.0 1.7222393285462771 1.9951389195413312 5.236650607743074 5.609743446984517
327 328.0 1.6739101815397077 1.9337645882293801 5.227951284199977 5.6052906013494255
328 329.0 1.6272262685504784 1.8745068585878901 5.213047175071817 5.593334659683068
329 330.0 1.5822696603802342 1.8174845462057385 5.192211364290107 5.574193609724195
330 331.0 1.5391025347885845 1.7627868591639804 5.1657434926805825 5.54822292609797
331 332.0 1.4977689331753674 1.7104760624172723 5.133964178891998 5.515807877444505
332 333.0 1.4582965970778508 1.66059029082258 5.097209699575609 5.477356159783041
333 334.0 1.4206988266907645 1.6131464095254826 5.055827016037295 5.433290997758643
334 335.0 1.3849763134300017 1.5681428379268338 5.010169210441895 5.38404481652058
335 336.0 1.351118908304654 1.5255622709776753 4.960591372473342 5.3300535511031155
336 337.0 1.3191072970790971 1.4853742481451646 4.9074469577810085 5.271751628533811
337 338.0 1.2889145615803235 1.4475375354112276 4.851084622918749 5.209567631145288
338 339.0 1.2605076138448141 1.4120022987263123 4.791845527914449 5.143920627925236
339 340.0 1.2338484960171434 1.378712058278894 4.730061087013849 5.075217144065836
340 341.0 1.2088955440051328 1.347605421761364 4.666051140308812 5.003848726784813
341 342.0 1.1856044169182247 1.3186176016376043 4.600122513586717 4.930190057445975
342 343.0 1.1639289973619131 1.2916817264472678 4.5325679304792414 4.854597555394882
343 344.0 1.1438221698489437 1.2667299596573072 4.463665239486117 4.777408417113651
344 345.0 1.125236486044961 1.243694441747975 4.393676918353437 4.698940034683677
345 346.0 1.1081247264193606 1.2225080723470625 4.322849819273634 4.619489739575846
346 347.0 1.092440368241331 1.2031051495333727 4.251415120158353 4.539334820984691
347 348.0 1.078137969855145 1.18542188312246 4.179588449567932 4.45873277188063
348 349.0 1.065173480882771 1.1693967979985949 4.107570155557899 4.377921720344775
349 350.0 1.0535044875165775 1.154971042511909 4.035545691556054 4.297121008314873
350 351.0 1.043090401446773 1.142088615734199 3.963686095284569 4.2165318844134445
351 352.0 1.033892600271136 1.1306965260516917 3.8921485395913225 4.136338281908079
352 353.0 1.025874526499977 1.1207448922362788 3.821076936782994 4.056707656972528
353 354.0 1.0190017515292698 1.1121869968279476 3.7506025806109538 3.9777918662145293
354 355.0 1.0132420102323412 1.1049793004141018 3.6808448124196302 3.8997280658801
355 356.0 1.0085652111318557 1.0990814242290117 3.611911700110533 3.8226396182225284
356 357.0 1.0049434264695125 1.0944561074304473 3.543900720498545 3.7466369932423853
357 358.0 1.0023508658970453 1.0910691444468263 3.476899437343776 3.671818656377247
358 359.0 1.0007638369716936 1.0888893069269316 3.4109861688416556 3.598271934769737
359 360.0 1.0001606951525104 1.0878882540622286 3.346230639658446 3.526073856495197
360 361.0 1.0005217855592956 1.088040434383336 3.2826946137245225 3.455291958616093
361 362.0 1.0018293783709322 1.089322981550063 3.220432504959583 3.3859850611763753
362 363.0 1.0040675994009602 1.0917156061508608 3.1594919639193373 3.318204005285372
363 364.0 1.0072223570915555 1.0952004850940864 3.099914439038224 3.251992354292801
364 365.0 1.0112812669085358 1.099762149802382 3.0417357117130437 3.187387057750241
365 366.0 1.0162335738956483 1.1053873741048772 2.9849864049425285 3.1244190784113295
366 367.0 1.022070073952139 1.1120650624524124 2.929692465621325 3.063113982964737
367 368.0 1.0287830342298632 1.119786138852518 2.875875620895592 3.0034924975373958
368 369.0 1.0363661129014574 1.128543436726793 2.823553809232541 2.945571029267416
369 370.0 1.044814278426125 1.1383315897286448 2.7727415870472756 2.889362155439982
370 371.0 1.054123728331688 1.149146923419399 2.7234505118759085 2.834875081817285
371 372.0 1.064291807437988 1.1609873475810384 2.675689503191296 2.7821160718856555
372 373.0 1.0753169253653136 1.173852248840957 2.629465182033785 2.7310888487980556
373 374.0 1.0871984731002033 1.1877423831948017 2.5847821906791184 2.681794971815532
374 375.0 1.0999367383281018 1.2026597679351128 2.541643493594166 2.6342341890531378
375 376.0 1.113532819186246 1.2186075724236407 2.500050660942423 2.5884047683196023
376 377.0 1.127988536039685 1.2355900070819255 2.460004135898479 2.544303807809641
377 378.0 1.1433063408373005 1.2536122099164777 2.421503487016854 2.5019275283670352
378 379.0 1.1594892235622625 1.272680129840164 2.384547646877862 2.461271548987995
379 380.0 1.17654061525168 1.2928004059990494 2.349135138203597 2.4223311471802216
380 381.0 1.194464287022867 1.313980242263282 2.315264288601928 2.385101505735092
381 382.0 1.2132642445080146 1.3362272759906455 2.282933435056719 2.349577947410039
382 383.0 1.2329446170650893 1.3595494401220432 2.2521411192392504 2.3157561589556543
383 384.0 1.2535095411001052 1.3839548176187741 2.222886274669419 2.283632405858754
384 385.0 1.2749630368048221 1.4094514872024348 2.1951684067058195 2.2532037391077484
385 386.0 1.297308877584303 1.436047359309099 2.1689877662914423 2.2244681952207728
386 387.0 1.3205504514212065 1.4637500011213886 2.1443455183260434 2.19742499070924
387 388.0 1.3446906133986412 1.4925664494948905 2.1212439054767027 2.172074712079067
388 389.0 1.3697315285815093 1.522503010550645 2.0996864081739215 2.148419502397869
389 390.0 1.3956745044386163 1.5535650446641056 2.0796779014707765 2.1264632453771095
390 391.0 1.4225198119755509 1.5857567355446613 2.061224809365734 2.1062117478321345
391 392.0 1.4502664947429116 1.6190808420706635 2.044335257104315 2.0876729212877176
392 393.0 1.4789121648877854 1.6535384315252664 2.0290192218785466 2.070856963389543
393 394.0 1.5084527854304435 1.6891285928715631 2.0152886822342495 2.055776539660008
394 395.0 1.5388824379758936 1.7258481287148286 2.003157766371596 2.0424469659959312
395 396.0 1.5701930751138982 1.7636912246301626 1.9926428993811311 2.0308863921418867
396 397.0 1.6023742568253072 1.802649094590295 1.9837629492921538 2.0211159861810053
397 398.0 1.635412870300704 1.842709601317258 1.9765393716187336 2.013160119859563
398 399.0 1.6692928326947436 1.8838568505105584 1.9709963518665587 2.0070465542953104
399 400.0 1.7039947764911423 1.9260707580816332 1.9671609452059469 2.002806625305717
400 401.0 1.7394957173455154 1.969326589760036 1.9650632122175522 2.000475427221662
401 402.0 1.7757687045129937 2.013594472742092 1.96473634927122 2.0000919936162354
402 403.0 1.8127824542625703 2.0588388794409167 1.9662168116990715 2.0016994728659268
403 404.0 1.8505009670388186 2.1050180838816357 1.9695444274643188 2.00534529586208
404 405.0 1.8888831295633612 2.1520835918842587 1.9747624985007344 2.0110813324920933
405 406.0 1.9278823035828132 2.199979546906091 1.98191788629737 2.018964032699991
406 407.0 1.967445903577394 2.2486421142946686 1.991061077622898 2.029054547002347
407 408.0 2.0075149664550644 2.2979988477513817 2.002246225518054 2.0414188202670567
408 409.0 2.048023717080181 2.3479680430449044 2.0155311598297265 2.056127651347961
409 410.0 2.0888991344323684 2.398458085462464 2.0309773606142505 2.0732567098014196
410 411.0 2.130060524268393 2.449366799164043 2.048649886702564 2.092886499387251
411 412.0 2.1714191053722254 2.500580808524309 2.068617250602295 2.1151022563797444
412 413.0 2.212877617827669 2.551974923719726 2.0909512297244315 2.139993768895667
413 414.0 2.254329963229898 2.603411565244517 2.115726602685204 2.1676551015089798
414 415.0 2.2956608883558043 2.6547402447097697 2.143020798178569 2.198184207405453
415 416.0 2.336745725517917 2.7057971221687125 2.172913442683977 2.23168240829275
416 417.0 2.3774502046007147 2.7564046632726797 2.2054857921270004 2.2682537203068587
417 418.0 2.4176303535746237 2.806371422724165 2.2408200316231106 2.308004002357186
418 419.0 2.457132506038194 2.855491983652164 2.278998426704271 2.3510399018788926
419 420.0 2.49579343596879 2.903547085548335 2.320102309073891 2.3974675720014176
420 421.0 2.533440641259947 2.9503039760847822 2.364210880101246 2.4473911339294454
421 422.0 2.5698927986582136 2.9955170242498905 2.411399816119658 2.5009108591453386
422 423.0 2.604960413227689 3.0389286335014516 2.4617396613229965 2.5581210482034678
423 424.0 2.6384466852858783 3.0802704937078644 2.515293996869413 2.6191075867558316
424 425.0 2.6701486166693833 3.1192652091456434 2.572117378915832 2.6839451654093103
425 426.0 2.6998583759871795 3.1556283363279065 2.632253043933198 2.752694158451049
426 427.0 2.7273649389854095 3.1890708595260864 2.6957303869810256 2.8253971677441796
427 428.0 2.752456015075297 3.2193021231067016 2.762562227793531 2.9020752524655893
428 429.0 2.7749202642930455 3.2460332278918975 2.8327418906163047 2.982723882974794
429 430.0 2.7945498003541265 3.2689808834380027 2.9062401366886914 3.067308677908745
430 431.0 2.8111429650091133 3.2878716893657027 2.983002002899951 3.1557610072552884
431 432.0 2.8245073467013344 3.3024467968761613 3.0629436160781016 3.2479735699837486
432 433.0 2.8344630028167033 3.3124668768792773 3.1459490689990752 3.3437960816997667
433 434.0 2.8408458300352692 3.3177172946562945 3.2318674606886213 3.4430312341851224
434 435.0 2.843511012071672 3.3180133640060747 3.3205102188420663 3.5454311125616993
435 436.0 2.8423364592618943 3.3132055281267387 3.411648834895013 3.6506942747628806
436 437.0 2.8372261410338124 3.3031842921629737 3.505013150961295 3.7584637093082622
437 438.0 2.828113201446274 3.2878847157480298 3.600290340958097 3.868325888298896
438 439.0 2.8149627409186655 3.267290265386962 3.6971247242670366 3.9798111205399183
439 440.0 2.7977741451851488 3.241435828371 3.795118537964987 4.092395382786278
440 441.0 2.776582846416966 3.2104097038067283 3.8938337721441636 4.205503764272851
441 442.0 2.7514614120816323 3.1743544132284454 3.992795141876306 4.318515601209518
442 443.0 2.7225198747336616 3.1334662130267685 4.091494229474845 4.430771305634346
443 444.0 2.6899052402934682 3.087993242227858 4.189394783259951 4.541580810442617
444 445.0 2.6538001425938162 3.0382322993635946 4.285939106315855 4.650233464642888
445 446.0 2.6144206465657036 2.98452430748631 4.380555413837829 4.756009126278027
446 447.0 2.572013239365622 2.9272485921234743 4.472665984292641 4.858190122019607
447 448.0 2.5268510855892066 2.8668161580327727 4.561695881751424 4.956073679171302
448 449.0 2.47922965687154 2.8036622020241415 4.647081988294948 5.048984393800294
449 450.0 2.429461875120334 2.7382381365828934 4.728282059722975 5.136286282397398
450 451.0 2.377872930190306 2.671003419499582 4.804783507397801 5.217393976021921
451 452.0 2.324794945393824 2.6024174867159853 4.87611161517694 5.291782654891162
452 453.0 2.2705616670198925 2.5329320694139112 4.941836922907729 5.358996384806127
453 454.0 2.2155033470085583 2.4629841439615214 5.001581545331439 5.4186545994033954
454 455.0 2.1599419719311763 2.3929897180377293 5.05502424469579 5.470456567121785
455 456.0 2.104186968000283 2.3233386023638793 5.1019041331830275 5.514183781327605
456 457.0 2.048531483033536 2.2543902596693446 5.142022943172437 5.549700308698529
457 458.0 1.993249314461658 2.1864707653570354 5.175245865029658 5.576951218051882
458 459.0 1.938592519966095 2.1198708617779785 5.201501009546411 5.595959284131711
459 460.0 1.8847897163251788 2.054845043117975 5.220777602024098 5.606820215091008
460 461.0 1.8320450443283367 1.9916115726061334 5.233123054909545 5.609696687100144
461 462.0 1.7805377544864047 1.9303533089397988 5.238639094485635 5.604811485037567
462 463.0 1.7304223504898706 1.8712192043610891 5.237477134046785 5.5924400463900446
463 464.0 1.681829215197645 1.814326331810436 5.229833091796983 5.572902689152748
464 465.0 1.6348656371835493 1.7597623015708093 5.215941847650716 5.5465567771034845
465 466.0 1.589617153985704 1.7075879370559206 5.196071520930277 5.513789040918437
466 467.0 1.5461491304218833 1.657840093061498 5.170517732620996 5.475008234608731
467 468.0 1.5045084957559265 1.6105345161601161 5.139597993399502 5.4306382666713935
468 469.0 1.4647255712059015 1.5656686644643096 5.103646333994744 5.381111906578818
469 470.0 1.4268159284044037 1.5232244214770982 5.063008269244237 5.3268651315648645
470 471.0 1.3907822291913263 1.4831706552695119 5.01803616282243 5.268332147284433
471 472.0 1.3566160069103772 1.4454655891405963 4.969085037062955 5.2059410894612785
472 473.0 1.3242993587109342 1.4100589628586258 4.916508852259377 5.140110392285218
473 474.0 1.293806526886901 1.3768939743991915 4.8606572627016265 5.071245792918093
474 475.0 1.265105354803755 1.3459090007986136 4.801872842630359 4.999737929622864
475 476.0 1.2381586093715184 1.3170391034584317 4.740488764214783 4.925960483197096
476 477.0 1.2129251672984862 1.2902173281718412 4.67682690138624 4.850268806955041
477 478.0 1.189361066554706 1.2653758135379625 4.6111963276006795 4.772998988830923
478 479.0 1.1674204276746964 1.2424467235408088 4.543892172018188 4.694467289668034
479 480.0 1.1470562518508185 1.221363021143797 4.475194796817887 4.614969903867229
480 481.0 1.1282211043381092 1.2020591000181895 4.4053692580601105 4.534782991818267
481 482.0 1.1108676926363206 1.1844712911861377 4.334665013336324 4.454162937527814
482 483.0 1.0949493493566207 1.1685382605901156 4.263315841116977 4.373346789264466
483 484.0 1.0804204297298394 1.1542013125419661 4.1915399389645795 4.292552845608319
484 485.0 1.067236633467776 1.141404612772385 4.11954017041105 4.211981353829794
485 486.0 1.0553552602317668 1.1300953434835348 4.047504433132412 4.131815291887985
486 487.0 1.0447354073627801 1.1202238014710384 3.975606123954339 4.052221209441472
487 488.0 1.0353381178399843 1.1117434490756326 3.90400467908596 3.9733501070417927
488 489.0 1.0271264857039895 1.104610926481999 3.83284617073175 3.895338336103407
489 490.0 1.020065725439978 1.0987860327249375 3.7622639438205523 3.8183085053017694
490 491.0 1.0141232110892395 1.0942316817027695 3.6923792789841263 3.7423703817488976
491 492.0 1.0092684901624325 1.0909138385397272 3.6233020700974383 3.667621777649903
492 493.0 1.005473276775689 1.088801440783713 3.5551315066528235 3.594149415175542
493 494.0 1.0027114278281857 1.087866308169186 3.4879567529823974 3.5220297640233555
494 495.0 1.0009589054904204 1.088083044011523 3.4218576178761433 3.4513298476109067
495 496.0 1.0001937287767775 1.0894289307218035 3.3569052094789322 3.3821080150785456
496 497.0 1.0003959165328702 1.0918838214314786 3.293162571503612 3.314414677303959
497 498.0 1.0015474237751256 1.0954300292867774 3.230685297785151 3.2482930059735193
498 499.0 1.00363207297373 1.100052215604878 3.1695221230393273 3.183779595440694
499 500.0 1.0066354815666472 1.1057372777699521 3.109715488395099 3.1209050876515576
500 501.0 1.0105449867278018 1.1124742374805596 3.0513020808580524 3.0596947608536285
501 502.0 1.0153495681827955 1.1202541297330713 2.9943133463482474 3.000169083142065
502 503.0 1.0210397696664817 1.1290698927337879 2.9387759763527006 2.942344232155499
503 504.0 1.0276076194448482 1.1389162587692128 2.884712368553064 2.886232582424022
504 505.0 1.0350465501753112 1.149789645925148 2.8321410620442062 2.8318431620065034
505 506.0 1.043351318251508 1.161688050426633 2.7810771479586025 2.7791820801447464
506 507.0 1.0525179226680712 1.174610939268765 2.731532656464155 2.7282529277145313
507 508.0 1.0625435233451492 1.1885591427197655 2.6835169212163708 2.6790571522779807
508 509.0 1.0734263587690716 1.203534746199799 2.637036922426543 2.6315944095422004
509 510.0 1.0851656627327924 1.2195409809697106 2.5920976097614643 2.585862893012177
510 511.0 1.0977615798954548 1.236582113000864 2.5487022063218827 2.5418596435946923
511 512.0 1.1112150798233984 1.254663329339242 2.5068524949608406 2.499580840868888
512 513.0 1.1255278691235409 1.2737906212223344 2.466549088202416 2.459022077689938
513 514.0 1.140702301233372 1.2939706631552736 2.4277916830091733 2.4201786197382096
514 515.0 1.1567412833888218 1.3152106871018217 2.390579301625389 2.38304565156789
515 516.0 1.1736481802512073 1.3375183508961646 2.3549105196944216 2.347618510648637
516 517.0 1.1914267136366976 1.3609015999318677 2.3207836828143176 2.3138929108313095
517 518.0 1.2100808577559308 1.3853685211351956 2.288197112656729 2.281865156605234
518 519.0 1.2296147293371096 1.410927188180676 2.2571493037315675 2.2515323494499095
519 520.0 1.2500324719730616 1.437585496857999 2.227639111833869 2.2228925875174914
520 521.0 1.2713381340013856 1.4653509894510128 2.1996659351603953 2.1959451598151047
521 522.0 1.2935355391968593 1.4942306669427448 2.1732298890316573 2.170690735984994
522 523.0 1.31662814952746 1.5242307878157006 2.1483319750998886 2.1471315527065142
523 524.0 1.3406189191997315 1.5553566521756519 2.124974245864716 2.1252715976643217
524 525.0 1.365510139196817 1.5876123698911098 2.1031599652548496 2.1051167919404703
525 526.0 1.3913032714940128 1.6210006114121056 2.0828937659653857 2.086675171592452
526 527.0 1.4179987721234515 1.655522339912724 2.0641818041646993 2.0699570690710005
527 528.0 1.445595902252851 1.6911765233960194 2.047031912100914 2.054975295008723
528 529.0 1.4740925264449514 1.727959825410214 2.0314537490437363 2.041745320768415
529 530.0 1.5034848972764487 1.76586627305687 2.0174589508908 2.0302854619748225
530 531.0 1.5337674255203757 1.804886901029988 2.0050612786458215 2.020617063059874
531 532.0 1.5649324351369744 1.8450093705158201 1.994276765836033 2.012764682623669
532 533.0 1.5969699023786483 1.8862175619147084 1.985123864774893 2.006756279144915
533 534.0 1.6298671783985077 1.9284911405264074 1.977623591389194 2.002623396257527
534 535.0 1.6636086948641542 1.9718050945796166 1.9717996681129533 2.000401346436107
535 536.0 1.698175652223841 2.016129245296172 1.9676786640989457 2.0001293914931284
536 537.0 1.7335456904572015 2.0614277290733813 1.9652901317071096 2.0018509177735533
537 538.0 1.7696925423740457 2.1076584523590873 1.9646667378912583 2.0056136033280683
538 539.0 1.8065856698100131 2.1547725203995727 1.9658443887155084 2.0114695736416937
539 540.0 1.8441898834153683 2.2027136417776703 1.9688623447826317 2.019475541677829
540 541.0 1.8824649471521502 2.251417511546793 1.9737633248416537 2.02969292705714
541 542.0 1.9213651691148723 2.3008111768258392 1.9805935942543522 2.042187948113891
542 543.0 1.9608389808811781 2.3508123899703253 1.9894030343336888 2.057031679349591
543 544.0 2.0008285082917765 2.4013289558964876 2.0002451878159637 2.074300065427905
544 545.0 2.0412691373635075 2.4522580818254136 2.01317727488846 2.0940738813225686
545 546.0 2.082089079965269 2.503485739648181 2.0282601732633876 2.116438626544449
546 547.0 2.1232089449414486 2.554886053300027 2.0455583547686227 2.141484339548133
547 548.0 2.1645413215572935 2.6063207259720356 2.065139769821059 2.1693053164752434
548 549.0 2.2059903834672374 2.6576385246724796 2.0870756699714073 2.1999997163722176
549 550.0 2.2474515228676566 2.708674842550243 2.111440357478762 2.2336690329838143
550 551.0 2.2888110260800847 2.759251362461703 2.1383108496181404 2.2704174112554685
551 552.0 2.329945803500835 2.8091758484276643 2.1677664441861157 2.310350784893211
552 553.0 2.3707231886183195 2.858242094781326 2.199888171503618 2.353575809879665
553 554.0 2.4110008225960686 2.9062300658085407 2.234758117195144 2.400198567920701
554 555.0 2.4506266426868333 2.952906261338482 2.272458599242749 2.450323013634788
555 556.0 2.489438994400461 2.998024345818187 2.3130711823871253 2.504049140177148
556 557.0 2.5272668887930454 3.0413260796096617 2.356675513016548 2.561470840238944
557 558.0 2.5639304273500065 3.0825425912409887 2.403347958410747 2.6226734433388534
558 559.0 2.599241417549172 3.1213960277392165 2.4531600357775374 2.6877309164149197
559 560.0 2.633004202135108 3.157601616553594 2.506176619139603 2.7567027233126336
560 561.0 2.6650167242148344 3.1908701665159 2.5624539160124162 2.8296303501991007
561 562.0 2.695071848284812 3.220911026373144 2.6220372111759946 2.9065335184853276
562 563.0 2.722958954001287 3.247435507326578 2.6849583818774136 2.987406124639527
563 564.0 2.748465814702268 3.270160760501164 2.7512331976615054 3.0722119672536627
564 565.0 2.7713807662004775 3.288814081317055 2.8208584287957312 3.1608803455281884
565 566.0 2.791495163067263 3.3031375905646163 2.893808799910001 3.253301639259016
566 567.0 2.8086061094762123 3.31289321714691 2.9700338398476047 3.349323007317874
567 568.0 2.8225194397461992 3.317867880883091 3.049454694474152 3.4487443679262553
568 569.0 2.8330529102385507 3.3178787468156297 3.13196098575592 3.551314847690418
569 570.0 2.840039549621653 3.312778396898382 3.2174078169967792 3.6567299049506174
570 571.0 2.843331099314863 3.302459742880923 3.3056130396655043 3.7646293437956366
571 572.0 2.8428014609626535 3.2868604879992827 3.39635491047481 3.8745964353471396
572 573.0 2.838350054058532 3.2659669371293036 3.489370276832157 3.9861583501100735
573 574.0 2.82990497547538 3.2398169575441336 3.5843534329192512 4.098788077389893
574 575.0 2.817425844882058 3.2085019070299623 3.680955785957105 4.211907964036144
575 576.0 2.800906217035604 3.1721673737416554 3.7787864613562734 4.324894945445161
576 577.0 2.7803754447921873 3.1310126126457707 3.8774139555008684 4.43708746877562
577 578.0 2.7558998861574895 3.0852886152852133 3.9763689155057027 4.5477940253116484
578 579.0 2.727583365163278 3.035294810206737 4.075148086796463 4.656303121027495
579 580.0 2.6955668196445166 2.981374456860738 4.173219423032413 4.761894428068162
580 581.0 2.6600270983284657 2.923908861398083 4.270028300855256 4.863850782105392
581 582.0 2.6211749036419847 2.8633106034357367 4.365004727174254 4.961470628309384
582 583.0 2.5792519133453258 2.800016013585505 4.457571372798355 5.05408047801356
583 584.0 2.5345271511366967 2.7344771781139623 4.5471522171691445 5.141046923374986
584 585.0 2.4872927111538687 2.667153766550832 4.633181548674056 5.22178777047781
585 586.0 2.4378589712729752 2.5985049790139314 4.715113037027037 5.295781891817483
586 587.0 2.386549453021519 2.528981892850361 4.792428581144665 5.362577463778998
587 588.0 2.33369550007895 2.459020454952451 4.8646466392974625 5.421798338210796
588 589.0 2.279630951766599 2.3890353202053025 4.93132976818252 5.473148392566138
589 590.0 2.224686982494433 2.319414682283976 4.992091132633999 5.51641380267093
590 591.0 2.169187263535427 2.250516185134388 5.046599795371737 5.55146327845858
591 592.0 2.113443581173441 2.1826639464732778 5.094584652895252 5.578246389385027
592 593.0 2.057752017205644 2.1161466724474582 5.135836945164879 5.59679017761225
593 594.0 2.0023897662835446 2.051216798188179 5.170211328716644 5.607194310185746
594 595.0 1.9476126320255551 1.9880905542833955 5.19762556124507 5.609625055016088
595 596.0 1.8936532124423606 1.9269488349731925 5.2180588970065624 5.6043083799576925
596 597.0 1.8407197568470723 1.8679387299792134 5.231549334086032 5.591522471544091
597 598.0 1.7889956524613162 1.811175577364847 5.23818988509428 5.571589952880782
598 599.0 1.7386394802322112 1.756745398212859 5.2381240617116775 5.544870052260905
599 600.0 1.6897855662777093 1.7047075834461374 5.231540771077033 5.511750938843298
600 601.0 1.642544947752927 1.6550977169797547 5.2186688194906825 5.47264240260753
601 602.0 1.5970066692877838 1.607930435859366 5.199771207930028 5.4279690157306835
602 603.0 1.5532393277435192 1.5632022456119155 5.175139386422172 5.378163873894711
603 604.0 1.511292787990022 1.5208942264960952 5.145087612417659 5.323662980584262
604 605.0 1.4711999997948022 1.4809745827835108 5.109947533897592 5.264900306318936
605 606.0 1.4329788548556996 1.443401002013712 5.070063092736012 5.202303528590282
606 607.0 1.3966340327188294 1.4081228039910794 5.025785819239603 5.1362904372069424
607 608.0 1.3621587941482984 1.3750828699875812 4.977470565871176 5.0672659736201275
608 609.0 1.3295366899481107 1.3442193512012444 4.925471707673593 4.995619861198659
609 610.0 1.2987431619175915 1.3154671621308962 4.8701398192844145 4.921724775799419
610 611.0 1.269747020318629 1.288759269368757 4.811818823848685 4.845935001714549
611 612.0 1.2425117888276294 1.2640277896283236 4.750843597573355 4.768585516543797
612 613.0 1.216996913407851 1.2412049128703877 4.687538004946011 4.689991449137212
613 614.0 1.1931588359064862 1.2202236674128724 4.622213333486855 4.610447856939842
614 615.0 1.1709519365389107 1.201018544137993 4.555167092981501 4.53022977237095
615 616.0 1.1503293518816566 1.1835259965440443 4.4866821420959 4.449592471892706
616 617.0 1.1312436766811254 1.1676848326001332 4.41702610474891 4.368771925844931
617 618.0 1.1136475588249684 1.1534365132911426 4.346451039279453 4.287985391692522
618 619.0 1.0974941973403345 1.140725371500617 4.275193324994102 4.207432117862963
619 620.0 1.082737753390586 1.1294987635586293 4.203473732856369 4.127294129704176
620 621.0 1.0693336840395167 1.1197071644457877 4.131497649661473 4.0477370731783
621 622.0 1.0572390081248182 1.1113042163413314 4.059455427851303 3.968911095665238
622 623.0 1.0464125130020756 1.1042467389650217 3.9875228360215207 3.890951746652454
623 624.0 1.0368149102444362 1.0984947090102362 3.915861588048817 3.8139808841247818
624 625.0 1.028408947656964 1.0940112149111556 3.84461993154122 3.738107575146058
625 626.0 1.0211594842235272 1.0907623922347762 3.773933278933551 3.663428981459078
626 627.0 1.0150335338735854 1.0887173441386038 3.703924866977575 3.5900312229451616
627 628.0 1.010000283254883 1.0878480505839145 3.6347064325922656 3.5179902135057404
628 629.0 1.0060310880381629 1.0881292693359692 3.5663788950362254 3.4473724653855213
629 630.0 1.0030994516689056 1.089538431209876 3.499033036142132 3.3782358591778374
630 631.0 1.0011809899228319 1.0920555315254756 3.432750171920152 3.3106303777669166
631 632.0 1.0002533841173251 1.0956630193087127 3.3676028102049074 3.244598803294763
632 633.0 1.000296325379306 1.1003456854122982 3.303655290203459 3.1801773769172677
633 634.0 1.0012914519689282 1.1060905504176943 3.240964400816128 3.117396421657571
634 635.0 1.003222281304602 1.1128867529157822 3.1795799754640974 3.0562809290939765
635 636.0 1.006074138024676 1.1207254385393792 3.1195454618843224 2.996851110953404
636 637.0 1.009834079150253 1.1295996499302166 3.060898465959001 2.939122916934997
637 638.0 1.0144908171783862 1.1395042176613461 3.0036712691487577 2.8831085202753464
638 639.0 1.020034641731082 1.1504356519984817 2.9478913195095267 2.8288167726988793
639 640.0 1.0264573402093367 1.1623920352661277 2.8935816966053682 2.7762536304846237
640 641.0 1.033752117749467 1.1753729144830982 2.840761550894625 2.7254225534316245
641 642.0 1.0419135166477689 1.189379193844187 2.7894465183748247 2.6763248785279967
642 643.0 1.050937335306256 1.2044130265473796 2.73964911143141 2.6289601701280354
643 644.0 1.0608205466542093 1.2204777053970015 2.691379086954932 2.583326548423965
644 645.0 1.0715612159150019 1.2375775515505996 2.644643792876941 2.539420997966941
645 646.0 1.0831584175132243 1.2557178007195884 2.599448494332813 2.497239657950404
646 647.0 1.095612150851667 1.2749044860791168 2.555796680694828 2.4567780959193013
647 648.0 1.1089232546294268 1.2951443170907406 2.513690354735419 2.418031566514258
648 649.0 1.1230933193202886 1.3164445533907154 2.4731303051820865 2.380995256801451
649 650.0 1.1381245973830838 1.338812872846945 2.4341163639150434 2.345664519678118
650 651.0 1.1540199107321938 1.3622572328383014 2.3966476490386937 2.3120350967812606
651 652.0 1.1707825549558522 1.3867857237605714 2.3607227950305765 2.280103332263395
652 653.0 1.1884161997318352 1.4124064137142578 2.3263401711378457 2.249866378734352
653 654.0 1.2069247848539715 1.4391271832804857 2.293498089153163 2.2213223966020514
654 655.0 1.226312411248393 1.46695554924318 2.2621950016597627 2.1944707479769927
655 656.0 1.2465832263253809 1.4958984760686944 2.2324296917899504 2.1693121862346234
656 657.0 1.2677413029809774 1.5259621739098865 2.2042014554929548 2.1458490422551826
657 658.0 1.2897905115324368 1.557151881860508 2.177510277256588 2.1240854082806258
658 659.0 1.3127343838432872 1.5894716351503857 2.1523570001727 2.1040273202412956
659 660.0 1.3365759688678134 1.6229240149435509 2.1287434911781524 2.08568293930851
660 661.0 1.36131767882171 1.6575098793831782 2.1066728022405803 2.069062733320413
661 662.0 1.3869611251665488 1.693228074521882 2.0861493281903383 2.0541796586046415
662 663.0 1.4135069435813927 1.7300751237876322 2.0671789618257006 2.0410493425780465
663 664.0 1.440954607087097 1.7680448946684608 2.0497692468358704 2.0296902673369477
664 665.0 1.4693022264889568 1.8071282413590528 2.0339295289940935 2.020123954256147
665 666.0 1.498546337313664 1.847312622205359 2.019671105968605 2.0123751493848863
666 667.0 1.5286816724393284 1.8885816909173465 2.0070073759801375 2.0064720091568686
667 668.0 1.5597009196555316 1.9309148607031708 1.9959539853980457 2.0024462856115526
668 669.0 1.5915944634474515 1.9742868407210659 1.9865289752094832 2.0003335099462882
669 670.0 1.6243501103778353 2.0186671445592745 1.9787529261137105 2.000173172775152
670 671.0 1.6579527975476798 2.064019570852503 1.9726491017821053 2.00200889894832
671 672.0 1.6923842837560614 2.1103016566406168 1.9682435895791595 2.0058886141761554
672 673.0 1.7276228231576076 2.157464104687621 1.9655654377550154 2.0118646999916305
673 674.0 1.7636428214391868 2.205450186724458 1.9646467877905067 2.0199941327613566
674 675.0 1.8004144748132258 2.2541951254764134 1.9655230001946982 2.0303386015073803
675 676.0 1.8379033924615849 2.3036254594056307 1.968232771616022 2.042964598217197
676 677.0 1.8760702034703987 2.353658395361003 1.9728182406245756 2.057943473088041
677 678.0 1.9148701497820448 2.4042011558014544 1.979325078948006 2.075351445767008
678 679.0 1.9542526672658966 2.455150328962626 1.9878025642903279 2.095269562107121
679 680.0 1.9941609576847144 2.506391232284847 1.9983036301260761 2.117783584266136
680 681.0 2.034531555118985 2.5577973016218047 2.01088488703721 2.142983800140903
681 682.0 2.0752938913165755 2.609229521203902 2.0256066092441896 2.170964736182045
682 683.0 2.116369865468191 2.6605359120272944 2.0425326789769938 2.2018247556111956
683 684.0 2.1576734250762657 2.7115510992505256 2.0617304802405476 2.2356655220277872
684 685.0 2.1991101658888583 2.7620959822577995 2.0832707323628807 2.2725913064315257
685 686.0 2.240576960308861 2.811977534215177 2.107227252490945 2.312708113916539
686 687.0 2.2819616252538464 2.8609887610963978 2.1336766349457053 2.356122604867479
687 688.0 2.3231426421160437 2.908908853141009 2.162697834103418 2.402940784600157
688 689.0 2.3639889432274543 2.9555035643382266 2.1943716362877725 2.453266435277792
689 690.0 2.4043597810303377 3.000525857564769 2.2287800051073656 2.5071992648825807
690 691.0 2.444104697930527 3.0437168541503663 2.2660052838451303 2.56483275035801
691 692.0 2.483063616493165 3.084807126558251 2.306129238012528 2.6262516561240505
692 693.0 2.5210670711286274 3.123518371161444 2.349231921156872 2.6915292153888655
693 694.0 2.5579366035876743 3.1595654943494367 2.3953903476151255 2.7607239704209703
694 695.0 2.5934853452916045 3.1926591389875 2.444676957324479 2.8338762795502905
695 696.0 2.6275188095921966 3.2225086691666838 2.497157860230757 2.9110045134000764
696 697.0 2.6598359162934324 3.2488256188934024 2.55289085149486 2.992100980837254
697 698.0 2.690230268960753 3.2713275946608418 2.6119231937994214 3.0771276462796107
698 699.0 2.7184917024758883 3.2897426027017356 2.6742891698030955 3.1660117239440875
699 700.0 2.7444081137548997 3.3038137493825785 2.740007416338997 3.2586412606290343
700 701.0 2.767767582347891 3.313304238234972 2.8090780624047 3.354860845543848
701 702.0 2.7883607796453096 3.3180025604878134 2.88147970534003 3.454467611917154
702 703.0 2.8059836555701287 3.3177277490408796 2.9571662736976876 3.5572077185632978
703 704.0 2.8204403799897935 3.3123345403934885 3.0360638408670546 3.662773517805195
704 705.0 2.8315465028324103 3.3017182672475065 3.118067469990011 3.7708016264260893
705 706.0 2.8391322824060428 3.2858192887023137 3.203038187349187 3.8808721158997384
706 707.0 2.8430461162614518 3.264626757541286 3.2908001972062193 3.992509024536791
707 708.0 2.843157993873878 3.238181527241857 3.381138464777776 4.105182365501372
708 709.0 2.83936287640866 3.2065780166759126 3.4737968042275664 4.218311760005545
709 710.0 2.831583896996293 3.169964878836725 3.568476613679824 4.331271764822555
710 711.0 2.8197752664860407 3.128544361091151 3.6648363977924774 4.443398889600173
711 712.0 2.8039247657841138 3.0825702969198288 3.762492209001494 4.554000216010003
712 713.0 2.7840557077035317 3.0323447301028983 3.8610191201479234 4.662363442794854
713 714.0 2.760228259594047 2.9782132379174655 3.9599538133540864 4.767768094731647
714 715.0 2.732540033323291 2.920559085384535 4.058798332970216 4.8694975564711545
715 716.0 2.701125871373448 2.8597964028169476 4.157025005258677 4.966851531068499
716 717.0 2.666156786231485 2.796362628944565 4.254082476208443 5.05915848372391
717 718.0 2.6278380435947697 2.7307104975632908 4.349402764316818 5.145787618028106
718 719.0 2.58640641632213 2.663299864077266 4.442409170861725 5.226159946739847
719 720.0 2.542126673217719 2.5945896682025937 4.532524840048522 5.299758061088688
720 721.0 2.4952874020718068 2.5250303109535004 4.619181719425108 5.3661342684986995
721 722.0 2.4461962973215186 2.455056689972117 4.701829640718542 5.42491685298505
722 723.0 2.39517506691702 2.385082090768478 4.779945225573139 5.475814308291603
723 724.0 2.3425541286768348 2.3154930768660478 4.853040321254662 5.518617493433109
724 725.0 2.2886672724899526 2.246645463897028 4.920669688565703 5.553199756190583
725 726.0 2.23384646089725 2.178861405868036 4.982437696914152 5.579515155752277
726 727.0 2.17841692742618 2.11242756999241 5.038003827294506 5.597594986103319
727 728.0 2.1226927108841265 2.047594332589398 5.087086839432062 5.607542853815618
728 729.0 2.0669727365484984 1.9845758944198009 5.129467520376952 5.6095285963656325
729 730.0 2.0115375240980273 1.9235511902070257 5.164989994057281 5.603781340554558
730 731.0 1.956646569593019 1.8646654537608176 5.193561630548375 5.5905819969768915
731 732.0 1.9025364170878918 1.8080322960965378 5.215151646509764 5.570255468713471
732 733.0 1.8494194064787672 1.7537361577298056 5.2297885316632815 5.5431628239825885
733 734.0 1.797483059423058 1.7018350061581948 5.2375564686245655 5.50969364694813
734 735.0 1.7468900455619343 1.6523631635957174 5.238590934179588 5.470258741631942
735 736.0 1.6977786572477487 1.6053341665928442 5.2330736794869654 5.425283323831088
736 737.0 1.6502637124714916 1.5607435767691629 5.2212272857296345 5.375200797444094
737 738.0 1.6044378022626347 1.5185716793108308 5.203309482037975 5.320447176381335
738 739.0 1.560372799786555 1.4787860222501006 5.179607395986763 5.261456182387314
739 740.0 1.5181215528261942 1.4413437642510594 5.150431885666534 5.198655023216492
740 741.0 1.477719688382774 1.4061938113322585 5.11611207820883 5.132460834824693
741 742.0 1.439187466871617 1.373278733531536 5.076990214460436 5.063277755375117
742 743.0 1.4025316330203423 1.3425364609881996 5.033416874716948 4.991494587496445
743 744.0 1.3677472204214551 1.3139017654219582 4.985746637170949 4.91748299781354
744 745.0 1.3348192762191278 1.287307537736304 4.934334199799896 4.841596198678635
745 746.0 1.3037244812350954 1.2626858757110149 4.8795309782986465 4.764168055633184
746 747.0 1.2744326487096536 1.239968997729558 4.821682177570809 4.685512564832316
747 748.0 1.246908091615476 1.2190899994591422 4.7611243222370385 4.605923646924082
748 749.0 1.2211108541512836 1.1999834705903625 4.698183222443124 4.525675207228115
749 750.0 1.1969978075678867 1.1825859883488867 4.633172344693171 4.445021416110697
750 751.0 1.1745236139975903 1.1668365036832449 4.566391553166137 4.364197167889608
751 752.0 1.1536415645577043 1.152676634949372 4.498126184641584 4.283418681174436
752 753.0 1.1343042998038306 1.1400508826664124 4.428646419406279 4.202884208071551
753 754.0 1.1164644217468007 1.1289067775949846 4.3582069109998045 4.122774824023515
754 755.0 1.1000750072429963 1.1191949730542265 4.287046639077956 4.043255274119914
755 756.0 1.0850900327358874 1.1108692910934108 4.21538895176068 3.9644748554558826
756 757.0 1.0714647201690843 1.1038867309001745 4.143441766359847 3.886568318496346
757 758.0 1.059155813495977 1.0982074466805218 4.071397900165741 3.8096567734208735
758 759.0 1.0481217946515362 1.0937947011967153 3.9994355058627002 3.7338485900820335
759 760.0 1.0383230471881253 1.0906148002030862 3.9277185890299164 3.6592402825259955
760 761.0 1.0297219750567053 1.0886370121754874 3.8563975879796435 3.585917371021632
761 762.0 1.022283083274025 1.0878334769845857 3.7856099988329786 3.513955216250006
762 763.0 1.0159730264827675 1.0881791065097883 3.7154810311943516 3.4434198217485803
763 764.0 1.0107606307043828 1.0896514796224586 3.6461242820378126 3.374368601913643
764 765.0 1.0066168929169423 1.0922307334759302 3.577642417451111 3.306851113867445
765 766.0 1.0035149624707946 1.0958994526175465 3.5101278536975635 3.240909752319746
766 767.0 1.0014301077876486 1.1006425570766405 3.4436634306568674 3.1765804072228825
767 768.0 1.000339671275211 1.1064471902742583 3.3783230721057693 3.113893084555167
768 769.0 1.0002230149292601 1.1133026073383854 3.3141724285120637 3.0528724909913834
769 770.0 1.0010614586856406 1.121200064186087 3.251269499056462 2.9935385835477732
770 771.0 1.0028382132233435 1.1301327075453904 3.189665230483141 2.935907085538258
771 772.0 1.0055383086024952 1.1400954659294837 3.129404091127696 2.8799899703621814
772 773.0 1.009148519844174 1.1510849414395519 3.0705246190968025 2.825795914773276
773 774.0 1.0136572903179655 1.1630993021559664 3.0130599440921495 2.7733307233647926
774 775.0 1.0190546535945018 1.1761381747771793 2.9570382827963044 2.722597726055081
775 776.0 1.0253321542396727 1.190202537078405 2.902483408082551 2.673598150379063
776 777.0 1.0324827678714183 1.2052946096853798 2.8494150925863866 2.626331470389615
777 778.0 1.040500820665587 1.2214177465898846 2.7978495273931023 2.5807957339536767
778 779.0 1.0493819083813025 1.2385763237714988 2.747799716763152 2.5369878701959254
779 780.0 1.059122814875833 1.2567756252323568 2.6992758499425165 2.4949039788002216
780 781.0 1.0697214299917817 1.2760217256974604 2.652285651196277 2.4545396028294766
781 782.0 1.081176666623327 1.2963213691812232 2.6068347092656667 2.415889986669899
782 783.0 1.0934883767013068 1.317681842570101 2.562926787487518 2.3789503206467932
783 784.0 1.1066572657777036 1.3401108433217603 2.520564115834434 2.3437159737985573
784 785.0 1.1206848058369165 1.3636163403314927 2.479747666137775 2.310182716232696
785 786.0 1.1355731459130876 1.3882064269674934 2.4404774117470303 2.2783469324241863
786 787.0 1.1513250200486744 1.4138891652273593 2.402752572860554 2.248205826751445
787 788.0 1.1679436520883981 1.4406724199193912 2.366571848736296 2.219757622498972
788 789.0 1.1854326567643718 1.4685636817240797 2.331933637958537 2.193001755487618
789 790.0 1.2037959364916677 1.4975698779444642 2.2988362478991684 2.1679390634224145
790 791.0 1.2230375732588896 1.5276971697098347 2.267278094470437 2.144571971973253
791 792.0 1.2431617149649634 1.5589507343565814 2.2372578932212415 2.1229046785233177
792 793.0 1.2641724555214817 1.5913345316747416 2.208774842781088 2.1029433344327404
793 794.0 1.2860737080095144 1.6248510526811952 2.1818288016049343 2.084696226567778
794 795.0 1.3088690701512302 1.6595010495625453 2.1564204589181615 2.0681739587364514
795 796.0 1.332561681330229 1.6952832454265567 2.1325515007033347 2.053389633546467
796 797.0 1.3571540703709386 1.7321940225135395 2.11022477150876 2.0403590350569725
797 798.0 1.38264799326753 1.7702270875535129 2.0894444327918484 2.0291008124274335
798 799.0 1.4090442600376891 1.8093731130165953 2.070216118437234 2.0196366645697474
799 800.0 1.4363425498675504 1.8496193530990797 2.0525470880085206 2.011991525577594
800 801.0 1.4645412137127876 1.8909492334243725 2.0364463782019913 2.0061937504335856
801 802.0 1.4936370635293064 1.933341913624037 2.0219249528682934 2.002275300171363
802 803.0 1.5236251473275435 1.9767718222111332 2.0089958518517212 2.00027192528932
803 804.0 1.5544985092797896 2.021208163476166 1.9976743387631248 2.0002233457641503
804 805.0 1.5862479341636475 2.0666143965395896 1.9879780476485904 2.002173425486253
805 806.0 1.6188616755004124 2.1129476871979773 1.9799271283381292 2.006170338323542
806 807.0 1.652325166849422 2.1601583338203687 1.9735443900522203 2.012266722304012
807 808.0 1.6866207158531463 2.208189169304793 1.9688554426046545 2.0205198175769863
808 809.0 1.721727180799073 2.2569749420116434 1.9658888342623895 2.0309915828576193
809 810.0 1.757619629679591 2.3064416796703875 1.9646761850014087 2.043748783966418
810 811.0 1.7942689819975468 2.356506041529422 1.9652523135255144 2.05886304683566
811 812.0 1.8316416338910984 2.407074665505367 1.9676553559861558 2.076410865961059
812 813.0 1.8696990675456149 2.4580435188052285 1.9719268738490776 2.0964735577272005
813 814.0 1.9083974463324676 2.5092972624572565 1.9781119477907567 2.1191371463330975
814 815.0 1.94768719767426 2.56070864240197 1.9862592538678134 2.144492168203319
815 816.0 1.9875125862942116 2.612137922263821 1.996421117479952 2.172633378816466
816 817.0 2.027811281273749 2.6634323756336964 2.008653539836714 2.203659343857685
817 818.0 2.0685139212270878 2.7144258586146006 2.0230161907375814 2.2376718945683245
818 819.0 2.1095436829129537 2.7649384864671775 2.039572360483914 2.2747754252123724
819 820.0 2.150815859748229 2.814776441361325 2.058388862663486 2.3150760088240694
820 821.0 2.192237457969617 2.863731941385501 2.079535878393749 2.3586803060004375
821 822.0 2.233706819606192 2.911583403936824 2.103086731394367 2.405694240651749
822 823.0 2.2751132829707155 2.958095839219069 2.1291175820087926 2.4562214165635443
823 824.0 2.316336893035321 3.00302151156817 2.157707027045424 2.510361249641784
824 825.0 2.357248175801694 3.0461009074105507 2.1889355911117523 2.5682067931375587
825 826.0 2.3977079925679954 3.087064048492072 2.222885094037235 2.629842237344823
826 827.0 2.437567491779873 3.1256321872047645 2.2596378781088426 2.6953400716189386
827 828.0 2.4766681778569595 3.1615199169643886 2.299275878285212 2.7647579054569316
828 829.0 2.5148421179144136 3.194437724226981 2.341879518442819 2.8381349571565417
829 830.0 2.5519123085324806 3.2240949994753416 2.3875264171961974 2.9154882334865873
830 831.0 2.587693225521976 3.250203512027801 2.4362898881030843 2.9968084419709466
831 832.0 2.6219915798213185 3.272481337619081 2.488237221313512 3.0820556987100525
832 833.0 2.654607302049936 3.290657208369995 2.5434277371624914 3.171155118749688
833 834.0 2.685334776624645 3.304475232256339 2.6019106070544717 3.263992402102411
834 835.0 2.7139643435019534 3.3136999040989017 2.6637224434479583 3.360409555454736
835 836.0 2.740284081326535 3.318121303407508 2.728884668990367 3.4602009157137466
836 837.0 2.764081879852981 3.317560347522048 2.7974006849859476 3.5631096647682
837 838.0 2.785147801818142 3.311873943212408 2.8692528714194188 3.6688250426819358
838 839.0 2.803276724902213 3.300959858379387 2.9443994645917835 3.7769804762789665
839 840.0 2.8182712430603507 3.284761120108928 3.0227713737706696 3.8871528389727583
840 841.0 2.829944793502339 3.2632697384562244 3.1042690146290592 3.998863043270067
841 842.0 2.838124961283431 3.236529559121829 3.1887592539240175 4.11157813780543
842 843.0 2.8426568983749227 3.204638064240922 3.2760725758842053 4.224715035211794
843 844.0 2.8434067789410107 3.1677469696180998 3.366000594925829 4.337645936132505
844 845.0 2.8402651982892992 3.12606150859399 3.458294050195355 4.4497054403522975
845 846.0 2.833150410680983 3.0798383457627065 3.5526614235119247 4.560199252168935
846 847.0 2.822011292084556 3.0293821251288464 3.648768322008442 4.668414299081935
847 848.0 2.806829909252253 2.9750407230267246 3.7462377587448366 4.77362999714782
848 849.0 2.787623577311431 2.917199341435827 3.844651447702912 4.875130320016155
849 850.0 2.7644462952810467 2.8562736370907813 3.943552203296541 4.972216268604185
850 851.0 2.7373894630627396 2.7927021310976854 4.0424474989584 5.06421830045617
851 852.0 2.70658180453702 2.7269381785263556 4.140814195440081 5.150508266163821
852 853.0 2.672188448850981 2.659441794840128 4.238104399027272 5.230510416542859
853 854.0 2.6344091546257964 2.590671634873401 4.333752355630884 5.3037110876920766
854 855.0 2.5934756978628926 2.5210774009477226 4.427182232096018 5.369666738172226
855 856.0 2.5496484815349216 2.4510929218504676 4.517816584960704 5.428010097743976
856 857.0 2.5032124606675215 2.381130097326259 4.605085273291038 5.478454283341184
857 858.0 2.4544725085562824 2.31157384784295 4.688434539811281 5.520794837535952
858 859.0 2.4037483752403523 2.242778151390475 4.767335966309701 5.5549097402187
859 860.0 2.35136940656195 2.175063192434622 4.841295007130009 5.580757529115388
860 861.0 2.297669199851622 2.108713596703697 4.909858819026138 5.598373734200899
861 862.0 2.2429803700772295 2.0439776821043196 4.972623135916703 5.607865882022556
862 863.0 2.187629588609566 1.9810676225165518 5.0292379809339405 5.609407357318118
863 864.0 2.1319330367971934 1.9201603981944382 5.079412062322102 5.60323042172906
864 865.0 2.076192390135558 1.8613993937251792 5.122915760159523 5.5896186848958385
865 866.0 2.0206914181908453 1.8048965009613676 5.159582673202918 5.568899304753091
866 867.0 1.9656932529790032 1.7507345885185415 5.189309755160621 5.541435164902947
867 868.0 1.9114383464969453 1.6989702095489527 5.212056123695897 5.507617241113902
868 869.0 1.858143108552254 1.6496364337432228 5.227840670566342 5.467857329622199
869 870.0 1.8059991904935275 1.6027457061733843 5.2367386356381775 5.42258126989743
870 871.0 1.755173359939856 1.5582926532048775 5.238877330230684 5.372222756182387
871 872.0 1.7058078966469243 1.5162567730909264 5.234431206468577 5.317217797112053
872 873.0 1.6580214302466003 1.4766049651476312 5.223616469978558 5.257999852138623
873 874.0 1.6119101363748436 1.4392938660082402 5.2066854248862615 5.1949956478928305
874 875.0 1.5675492079877311 1.404271974043268 5.183920724539443 5.1286216571171375
875 876.0 1.5249945226088828 1.371481553486291 5.155629680733923 5.0592812072119
876 877.0 1.4842844329346752 1.340860318159288 5.122138760436583 4.987362174312346
877 878.0 1.4454416167429665 1.312342901090602 5.0837883738813225 4.913235211602634
878 879.0 1.4084749315853051 1.2858621209741354 5.04092803297566 4.837252456649434
879 880.0 1.3733812295927816 1.2613500595777878 4.993911935383107 4.759746661274565
880 881.0 1.3401470973365324 1.2387389661265897 4.943095008289586 4.681030688289416
881 882.0 1.30875049464615 1.2179620056079274 4.8888294272545405 4.6013973217479895
882 883.0 1.279162274330873 1.1989538680972855 4.831461609949212 4.521119340777263
883 884.0 1.2513475717156528 1.1816512557808223 4.771329672032637 4.440449811125253
884 885.0 1.2252670587410026 1.1659932635237125 4.708761322779137 4.359622553017133
885 886.0 1.2008780620995436 1.1519216677377693 4.644072171101167 4.2788527484841365
886 887.0 1.178135548564074 1.1393811370493707 4.577564407989013 4.1983376558457906
887 888.0 1.156992983405574 1.1283193769431246 4.509525828760902 4.118257403353477
888 889.0 1.137403069727418 1.1186872192226731 4.440229157525356 4.038775838053033
889 890.0 1.1193183777818252 1.1104386658326362 4.3699316365606435 3.9600414096437735
890 891.0 1.1026918740122167 1.103530895356385 4.298874844601834 3.8821880724724203
891 892.0 1.0874773597965346 1.097924239362664 4.227284710019983 3.80533619179664
892 893.0 1.0736298297566704 1.0935821347309969 4.155371687347458 3.7295934430911695
893 894.0 1.0611057591377122 1.090471057145296 4.08333106835608 3.6550556954665754
894 895.0 1.04986332922402 1.0885604401067768 4.011343401776963 3.5818078722509514
895 896.0 1.0398625991090429 1.0878225830768398 3.9395749986441606 3.509924783474642
896 897.0 1.0310656314219193 1.088232551712468 3.8681785030599722 3.4394719264270455
897 898.0 1.0234365788743691 1.0897680725929888 3.7972935108553476 3.3705062516507915
898 899.0 1.0169417377550025 1.0924094243500266 3.7270472211128545 3.3030768927308194
899 900.0 1.0115495737855538 1.0961393266939239 3.657555107807014 3.2372258590501666
900 901.0 1.0072307250787929 1.100942828471728 3.5889216008865352 3.1729886913449317
901 902.0 1.0039579863100263 1.1068071955865155 3.5212407679727624 3.110395080420241
902 903.0 1.001706277638069 1.1137217993482922 3.454596989484443 3.049469449806852
903 904.0 1.000452601389229 1.121678005606347 3.389065621431221 2.990231503461931
904 905.0 1.0001759890487933 1.1306690648260551 3.324713641360688 2.932696739862727
905 906.0 1.0008574406869761 1.1406900031144513 3.2616002740121837 2.876876934022187
906 907.0 1.0024798585771608 1.151737514063805 3.1997775941413993 2.822780589082078
907 908.0 1.0050279764400003 1.1638098511667814 3.1392911047493923 2.7704133592221365
908 909.0 1.008488285463494 1.17690672045733 3.0801802895945554 2.7197784456716247
909 910.0 1.0128489580026143 1.1910291729447628 3.0224791394010113 2.6708769676290545
910 911.0 1.0180997696482363 1.2061794963322 2.966216651616622 2.623708309893441
911 912.0 1.0242320201701218 1.2223611054424814 2.911417303930617 2.5782704489905424
912 913.0 1.0312384536791657 1.2395784307125026 2.858101502047233 2.534560259544548
913 914.0 1.0391131782162932 1.2578368040597447 2.806286002437535 2.4925738026029784
914 915.0 1.0478515848565064 1.2771423413704717 2.7559843109664626 2.452306597572399
915 916.0 1.0574502663137493 1.2975018208073406 2.7072070584242107 2.413753879367606
916 917.0 1.0679069349430323 1.318922556083614 2.659962354087076 2.3769108423181673
917 918.0 1.0792203399584495 1.3414122638014108 2.6142561184996382 2.341772872315434
918 919.0 1.0913901836174231 1.3649789239020622 2.570092396712218 2.30833576862027
919 920.0 1.1044170360610555 1.3896306322273388 2.527473653229849 2.2765959566881344
920 921.0 1.118302248446412 1.4153754441411726 2.4864010499352296 2.2465506933031527
921 922.0 1.133047863957679 1.442221208112642 2.4468747082413786 2.2181982652463774
922 923.0 1.1486565262384238 1.4701753881129804 2.4088939567126237 2.191538182655279
923 924.0 1.1651313847457303 1.4992448736326784 2.372457565367457 2.1665713681603376
924 925.0 1.1824759964881555 1.5294357760807549 2.337563967844999 2.1433003428095425
925 926.0 1.2006942235727418 1.5607532102878288 2.3042114725801293 2.1217294097110337
926 927.0 1.21979012595126 1.5932010597997879 2.2723984640913653 2.101864836236139
927 928.0 1.2397678487223225 1.6267817246216336 2.2421235954412455 2.0837150355272556
928 929.0 1.260631503313876 1.6614958500539942 2.2133859728814196 2.0672907479448543
929 930.0 1.2823850418399176 1.6973420352613453 2.186185333644388 2.0526052229618834
930 931.0 1.3050321238963491 1.7343165202246509 2.1605222177902474 2.039674401868266
931 932.0 1.3285759750340707 1.772412849766987 2.13639813495996 2.0285171014783407
932 933.0 1.353019236123349 1.811621513403942 2.1138157268256568 2.0191551988354117
933 934.0 1.3783638028028746 1.8519295598679484 2.092778925962541 2.011613816672969
934 935.0 1.4046106541909966 1.8933201852946706 2.0732931117948787 2.0059215091161895
935 936.0 1.4317596700264068 1.9357722942490496 2.0553652641890374 2.00211044678113
936 937.0 1.459809435402906 1.9792600330191639 2.0390041151776184 2.0002166000447517
937 938.0 1.488757032269493 2.023752294928608 2.0242202991985914 2.000279918806185
938 939.0 1.5185978168854248 2.0692121978270723 2.011026502119384 2.0023445065292393
939 940.0 1.5493251824526502 2.115596534427952 1.9994376091854174 2.0064587857348157
940 941.0 1.5809303061983968 2.162855196788459 1.9894708518822686 2.012675651389633
941 942.0 1.6134018802524837 2.2109305769891754 1.9811459535269922 2.0210526078008244
942 943.0 1.6467258257613853 2.259756946986152 1.9744852732027796 2.031651883662728
943 944.0 1.6808849898093186 2.309259821698558 1.9695139474175207 2.0445405188015497
944 945.0 1.7158588248811348 2.3593553106801903 1.9662600285958804 2.059790414914929
945 946.0 1.7516230508092725 2.40994946522177 1.964754619200424 2.0774783412015045
946 947.0 1.7881492994044688 2.4609376294619802 1.9650319999140544 2.0976858842163293
947 948.0 1.825404742285352 2.5122038060616205 1.9671297498970883 2.1204993295779784
948 949.0 1.863351702804382 2.5636200492254226 1.971088856650939 2.1460094613050975
949 950.0 1.9019472534259465 2.615045900338968 1.9769538124696648 2.1743112626006087
950 951.0 1.9411428004570466 2.6663278842111815 1.9847726938340966 2.205503499875051
951 952.0 1.980883658672081 2.717299086845347 1.9945972193946406 2.2396881697683506
952 953.0 2.021108619121011 2.7677788387534057 2.0064827813933905 2.2769697869837193
953 954.0 2.0617495142746547 2.8175725309995605 2.0204884444904603 2.317454489007797
954 955.0 2.102730785650819 2.866471594299328 2.0366769049832065 2.3612489324157866
955 956.0 2.1439690601871337 2.914253674456201 2.0551144023432006 2.408458954647724
956 957.0 2.185372742885139 2.960683039994806 2.0758705738528214 2.4591879751354
957 958.0 2.2268416346448343 3.0055112597987903 2.0990182419165753 2.5135351107478514
958 959.0 2.268266585733515 3.048478189586134 2.1246331223748984 2.571592983038577
959 960.0 2.3095291969732545 3.0893133058050966 2.1527934408956932 2.633445199086266
960 961.0 2.350501582463912 3.1277374236176705 2.183579443308885 2.69916349420882
961 962.0 2.3910462094460923 3.163464831633933 2.21707278464643 2.768804533878185
962 963.0 2.4310158326993503 3.1962058695422897 2.253355780737416 2.8424063841114693
963 964.0 2.470253542594327 3.2256699653489314 2.2925105055895605 2.9199846747122913
964 965.0 2.5085929474824176 3.2515691362714048 2.3346177175919327 3.001528498088914
965 966.0 2.5458585123979636 3.2736219412324368 2.3797555979511342 3.0869961078682344
966 967.0 2.581866076926628 3.2915578533779914 2.427998285899458 3.17631050574713
967 968.0 2.6164235753943244 3.3051219983715345 2.479414197285295 3.2693550312017283
968 969.0 2.6493319820667525 3.314080179007586 2.534064116384105 3.3659690956050006
969 970.0 2.6803865026128832 3.3182240799458653 2.591999055369236 3.4659442283198514
970 971.0 2.7093780304602064 3.317376519516561 2.6532578820622996 3.5690206253206127
971 972.0 2.736094882638995 3.3113965904184743 2.7178647245201626 3.674884408354929
972 973.0 2.7603248240812994 3.300184509895172 2.785826170831136 3.783165811857136
973 974.0 2.7818573819520216 3.2836859850029914 2.8571282942212055 3.8934385130259286
974 975.0 2.8004864423574007 3.261895892258952 2.931733547122348 4.005220305240582
975 976.0 2.816013110712955 3.234861075400342 3.0095775829784865 4.117975284522091
976 977.0 2.82824880430285 3.2026820817735815 3.0905660808096083 4.231117672292905
977 978.0 2.837018531434117 3.1655136877219454 3.174571664241856 4.344017335861623
978 979.0 2.8421642965780216 3.1235641058824615 3.2614310229152013 4.456006993075441
979 980.0 2.8435485556978106 3.0770928208938364 3.350942358732842 4.5663910033342345
980 981.0 2.8410576314845857 3.0264070617500773 3.442863290940511 4.674455559064314
981 982.0 2.8346049855332 2.9718569848771472 3.536909361001745 4.779480006363201
982 983.0 2.8241342347764724 2.913829707145459 3.6327532791153323 4.880748947935219
983 984.0 2.809621793981741 2.8527423873294415 3.730025047564462 4.977564722491076
984 985.0 2.7910790259441343 2.7890346031147164 3.828313080742054 5.06925981826859
985 986.0 2.768553787121195 2.7231603045892485 3.927166416991393 5.155208768223394
986 987.0 2.7421312694312148 2.6555796415127877 4.026098083325635 5.234839092339689
987 988.0 2.7119340588922087 2.5867509594581652 4.124589631444908 5.3076408973974205
988 989.0 2.678121358244611 2.517123239834934 4.22209681394697 5.373174812832671
989 990.0 2.640887352592508 2.4471292231424506 4.31805631579631 5.431078027353596
990 991.0 2.6004587327293436 2.37717940716132 4.411893401299697 5.481068287607221
991 992.0 2.5570914280009704 2.3076570566013497 4.503030284866808 5.52294581973221
992 993.0 2.5110666367895007 2.238914302683122 4.59089498871833 5.556593229662093
993 994.0 2.4626862753729415 2.1712693546934756 4.67493041621237 5.581973522180347
994 995.0 2.412267992592919 2.1050047945007253 4.754603348712741 5.599126447182387
995 996.0 2.3601399164450876 2.0403668821536898 4.829413069014921 5.608163431458277
996 997.0 2.3066353080408586 1.9775657677291856 4.89889932607977 5.609261384575463
997 998.0 2.252087297820864 1.9167764821643747 4.962649383587197 5.602655678834463
998 999.0 2.1968238687211668 1.8581405675926639 5.020303936631691 5.588632597880209
