0 103.22 0 0.009688 0
1 102.43 0 0.009763 0
2 100.52 0 0.009948 0
3 100.38 0 0.009962 0
4 100.32 0 0.009968 0
5 102.81 0 0.009727 0
6 102.68 0 0.009739 0
7 100.3 0 0.00997 0
8 99.5 0 0.01005 0
9 99.46 -0.279152 0.010054 -3.582284
10 99.53 -0.23097 0.010047 -4.329572
11 99.53 -0.190727 0.010047 -5.243089
12 100.32 -0.199576 0.009968 -5.010629
13 100.19 -0.222424 0.009981 -4.495913
14 99.08 -0.307515 0.010093 -3.251872
15 100.07 -0.157576 0.009993 -6.346154
16 99.21 -0.03 0.01008 -33.333333
17 100.19 0.034424 0.009981 29.049296
18 98.12 -0.066061 0.010192 -15.137615
19 96.69 -0.230485 0.010342 -4.33868
20 95.62 -0.41503 0.010458 -2.409463
21 96.38 -0.510727 0.010376 -1.957992
22 98.66 -0.391212 0.010136 -2.556158
23 99.98 -0.188242 0.010002 -5.312299
24 97.71 -0.180545 0.010234 -5.538771
25 97.57 -0.097879 0.010249 -10.216718
26 95.23 -0.169879 0.010501 -5.88655
27 94.94 -0.144121 0.010533 -6.938604
28 95.53 -0.160545 0.010468 -6.228766
29 96.67 -0.178727 0.010344 -5.595117
30 95.71 -0.320364 0.010448 -3.121453
31 97.38 -0.321333 0.010269 -3.112033
32 98.66 -0.112606 0.010136 -8.880517
33 98.57 0.179212 0.010145 5.57998
34 97.96 0.303515 0.010208 3.294728
35 98.29 0.433455 0.010174 2.307047
36 97.52 0.356667 0.010254 2.803738
37 94.83 0.086061 0.010545 11.619718
38 95.5 -0.107333 0.010471 -9.31677
39 94.88 -0.258182 0.01054 -3.873239
40 93.46 -0.528788 0.0107 -1.891117
41 94.06 -0.628061 0.010632 -1.592203
42 92.6 -0.681394 0.010799 -1.46758
43 92.85 -0.653636 0.01077 -1.529903
44 91.82 -0.653394 0.010891 -1.53047
45 93.04 -0.490182 0.010748 -2.040059
46 92.97 -0.318485 0.010756 -3.139867
47 92.73 -0.284061 0.010784 -3.520376
48 91.71 -0.235152 0.010904 -4.252577
49 91.75 -0.179455 0.010899 -5.572442
50 92.27 -0.152121 0.010838 -6.573705
51 90.12 -0.187636 0.011096 -5.329457
52 91.05 -0.222 0.010983 -4.504505
53 88.8 -0.343636 0.011261 -2.910053
54 89.1 -0.468485 0.011223 -2.134541
55 90.37 -0.409758 0.011066 -2.440467
56 89.76 -0.356606 0.011141 -2.804215
57 89.29 -0.306182 0.011199 -3.266033
58 88.41 -0.330061 0.011311 -3.029747
59 88.63 -0.299273 0.011283 -3.341434
60 91.48 -0.040545 0.010931 -24.663677
61 92.51 0.140606 0.01081 7.112069
62 90.94 0.269152 0.010996 3.715379
63 88.98 0.142121 0.011238 7.036247
64 88.4 0.001273 0.011312 785.714286
65 88.33 -0.050242 0.011321 -19.903498
66 89.43 -0.057697 0.011182 -17.331933
67 88.59 -0.138303 0.011288 -7.2305
68 88.07 -0.297455 0.011355 -3.361858
69 88.98 -0.388182 0.011238 -2.576112
70 89.06 -0.288788 0.011228 -3.462749
71 87.16 -0.19503 0.011473 -5.127408
72 87.95 -0.098 0.01137 -10.204082
73 86.01 -0.201212 0.011627 -4.96988
74 84.71 -0.378 0.011805 -2.645503
75 84.82 -0.508727 0.01179 -1.96569
76 84.63 -0.533939 0.011816 -1.872872
77 85.72 -0.497515 0.011666 -2.009989
78 86.41 -0.423333 0.011573 -2.362205
79 84.5 -0.372545 0.011834 -2.684236
80 85.61 -0.201576 0.011681 -4.960914
81 84.78 -0.160727 0.011795 -6.221719
82 84.44 -0.056909 0.011843 -17.571885
83 85.69 0.028303 0.01167 35.331906
84 84.13 -0.054364 0.011886 -18.394649
85 83.79 -0.141212 0.011935 -7.081545
86 84.33 -0.198788 0.011858 -5.030488
87 84.61 -0.164788 0.011819 -6.068408
88 83.4 -0.137333 0.01199 -7.281553
89 82.13 -0.27 0.012176 -3.703704
90 82.59 -0.274848 0.012108 -3.638368
91 82.88 -0.282606 0.012066 -3.538495
92 81.76 -0.351091 0.012231 -2.848265
93 82.46 -0.265576 0.012127 -3.765404
94 83.12 -0.208909 0.012031 -4.786771
95 83.64 -0.134303 0.011956 -7.445848
96 83.4 -0.03497 0.01199 -28.596187
97 83.91 0.122121 0.011918 8.188586
98 83.67 0.193939 0.011952 5.15625
99 84.13 0.202909 0.011886 4.928315
100 84.48 0.237394 0.011837 4.212407
101 83.32 0.20503 0.012002 4.877328
102 80.92 -0.038242 0.012358 -26.14897
103 79.52 -0.30103 0.012575 -3.321925
104 79.84 -0.466727 0.012525 -2.142579
105 80 -0.549273 0.0125 -1.820589
106 79.22 -0.646242 0.012623 -1.547407
107 78.96 -0.672727 0.012665 -1.486486
108 78.28 -0.692303 0.012775 -1.444454
109 79.24 -0.563515 0.01262 -1.774575
110 78.39 -0.398485 0.012757 -2.509506
111 77.82 -0.268061 0.01285 -3.7305
112 77.38 -0.25497 0.012923 -3.922035
113 77.75 -0.272121 0.012862 -3.674833
114 78.77 -0.190848 0.012695 -5.239759
115 78.38 -0.107212 0.012758 -9.327304
116 77.33 -0.113212 0.012932 -8.832976
117 75.58 -0.209091 0.013231 -4.782609
118 77.21 -0.220424 0.012952 -4.536706
119 76.93 -0.170061 0.012999 -5.880257
120 76.42 -0.176182 0.013086 -5.675955
121 74.92 -0.278242 0.013348 -3.593988
122 75.64 -0.335212 0.013221 -2.983186
123 75.65 -0.345879 0.013219 -2.891186
124 75.3 -0.282182 0.01328 -3.543814
125 74.99 -0.219333 0.013335 -4.559271
126 75.8 -0.141212 0.013193 -7.081545
127 74.83 -0.214121 0.013364 -4.670252
128 74.99 -0.160545 0.013335 -6.228766
129 73.79 -0.164182 0.013552 -6.090808
130 74.45 -0.127758 0.013432 -7.827324
131 74.84 -0.146182 0.013362 -6.840796
132 74.95 -0.109636 0.013342 -9.121061
133 73.91 -0.120788 0.01353 -8.278976
134 72.98 -0.184909 0.013702 -5.408063
135 72.29 -0.279212 0.013833 -3.581506
136 72.28 -0.287333 0.013835 -3.480278
137 71.9 -0.338182 0.013908 -2.956989
138 72.91 -0.287758 0.013716 -3.475147
139 72.16 -0.33303 0.013858 -3.00273
140 71.58 -0.346182 0.01397 -2.888655
141 70.67 -0.348182 0.01415 -2.872063
142 72.82 -0.17503 0.013732 -5.713296
143 73.26 -0.021394 0.01365 -46.74221
144 72.71 0.048121 0.013753 20.780856
145 70.87 -0.025455 0.01411 -39.285714
146 72.34 -0.002303 0.013824 -434.210526
147 73.05 0.033515 0.013689 29.837251
148 71.62 0.044727 0.013963 22.357724
149 70.12 -0.060242 0.014261 -16.599598
150 70.34 -0.167152 0.014217 -5.982596
151 70.24 -0.325152 0.014237 -3.075489
152 70.79 -0.304606 0.014126 -3.282929
153 69.38 -0.30703 0.014413 -3.257008
154 69.33 -0.301818 0.014424 -3.313253
155 70.35 -0.322667 0.014215 -3.099174
156 69.18 -0.30303 0.014455 -3.3
157 68.75 -0.221212 0.014545 -4.520548
158 68.66 -0.187515 0.014565 -5.332902
159 68.64 -0.21903 0.014569 -4.565578
160 69.37 -0.178121 0.014415 -5.614154
161 67.99 -0.207394 0.014708 -4.821742
162 68.27 -0.157455 0.014648 -6.351039
163 66.73 -0.25497 0.014986 -3.922035
164 66.21 -0.352061 0.015103 -2.84042
165 66.37 -0.334606 0.015067 -2.988589
166 66.13 -0.36 0.015122 -2.777778
167 66.36 -0.364545 0.015069 -2.743142
168 65.93 -0.369576 0.015168 -2.705805
169 65.6 -0.360848 0.015244 -2.771246
170 65.14 -0.291697 0.015352 -3.428215
171 66.81 -0.172182 0.014968 -5.807814
172 67.49 0.017394 0.014817 57.491289
173 67.44 0.11103 0.014828 9.00655
174 67.53 0.166303 0.014808 6.01312
175 67.49 0.214061 0.014817 4.671574
176 67.42 0.228424 0.014832 4.377819
177 66.95 0.216848 0.014937 4.611515
178 66.98 0.171091 0.01493 5.844846
179 66.37 0.057333 0.015067 17.44186
180 65.91 -0.121515 0.015172 -8.229426
181 66.04 -0.191273 0.015142 -5.228137
182 65.39 -0.241818 0.015293 -4.135338
183 63.47 -0.37497 0.015755 -2.666882
184 63.15 -0.471455 0.015835 -2.121095
185 62.41 -0.557879 0.016023 -1.792504
186 63.28 -0.539939 0.015803 -1.85206
187 63.99 -0.464424 0.015627 -2.153204
188 63.92 -0.354848 0.015645 -2.818104
189 63.78 -0.256485 0.015679 -3.898866
190 63.82 -0.155212 0.015669 -6.442796
191 63.36 -0.04503 0.015783 -22.207268
192 61.29 -0.058606 0.016316 -17.063082
193 59.84 -0.229576 0.016711 -4.355861
194 60.24 -0.356061 0.0166 -2.808511
195 59.91 -0.514606 0.016692 -1.943234
196 59.92 -0.584303 0.016689 -1.711441
197 60.17 -0.552303 0.01662 -1.8106
198 60.48 -0.461758 0.016534 -2.165639
199 59.22 -0.407576 0.016886 -2.453532
200 59.01 -0.306909 0.016946 -3.258294
201 58.46 -0.208606 0.017106 -4.793725
202 59.38 -0.138727 0.016841 -7.208388
203 60.18 -0.098727 0.016617 -10.128913
204 60.59 -0.013818 0.016504 -72.368421
205 60.05 0.015394 0.016653 64.96063
206 58.41 -0.045879 0.01712 -21.796565
207 58.01 -0.094 0.017238 -10.638298
208 56.53 -0.176 0.01769 -5.681818
209 57.49 -0.241758 0.017394 -4.136375
210 57.1 -0.321818 0.017513 -3.107345
211 56.76 -0.433939 0.017618 -2.304469
212 58.03 -0.394848 0.017232 -2.532617
213 57.94 -0.29097 0.017259 -3.436784
214 56.49 -0.211697 0.017702 -4.723733
215 55.77 -0.158 0.017931 -6.329114
216 55.4 -0.181939 0.018051 -5.496336
217 55.24 -0.204788 0.018103 -4.883102
218 55.27 -0.291091 0.018093 -3.435353
219 54.84 -0.321576 0.018235 -3.109687
220 54.24 -0.378667 0.018437 -2.640845
221 54.1 -0.431394 0.018484 -2.318067
222 53.75 -0.386303 0.018605 -2.588641
223 53.73 -0.296424 0.018612 -3.373543
224 54.09 -0.232545 0.018488 -4.300235
225 53.69 -0.209394 0.018625 -4.775687
226 52.29 -0.262061 0.019124 -3.815911
227 52.28 -0.288242 0.019128 -3.469302
228 53.24 -0.224182 0.018783 -4.460665
229 54.41 -0.100364 0.018379 -9.963768
230 53.35 -0.069152 0.018744 -14.460999
231 52.73 -0.070303 0.018965 -14.224138
232 52.01 -0.117455 0.019227 -8.513932
233 51.67 -0.163394 0.019354 -6.120178
234 51.55 -0.166909 0.019399 -5.991285
235 51.48 -0.170121 0.019425 -5.878162
236 51.18 -0.256242 0.019539 -3.902554
237 50.89 -0.345394 0.01965 -2.895245
238 51.31 -0.330788 0.019489 -3.023085
239 50.88 -0.238242 0.019654 -4.197405
240 50.65 -0.186121 0.019743 -5.372843
241 51.05 -0.120788 0.019589 -8.278976
242 51.82 -0.041091 0.019298 -24.336283
243 52.09 0.03297 0.019198 30.330882
244 51.74 0.074848 0.019327 13.360324
245 51.59 0.101576 0.019384 9.844869
246 51.51 0.102606 0.019414 9.746013
247 51.27 0.067212 0.019505 14.878269
248 51.05 0.043212 0.019589 23.141655
249 50.84 -0.017758 0.01967 -56.313993
250 50.45 -0.114848 0.019822 -8.707124
251 50.26 -0.193212 0.019897 -5.175659
252 49.46 -0.254303 0.020218 -3.932316
253 48.89 -0.299879 0.020454 -3.334681
254 48.29 -0.362727 0.020708 -2.756892
255 47.63 -0.429758 0.020995 -2.326893
256 47.36 -0.468848 0.021115 -2.132885
257 46.97 -0.494909 0.02129 -2.020573
258 46.46 -0.511333 0.021524 -1.955671
259 46.74 -0.470848 0.021395 -2.123825
260 45.71 -0.462848 0.021877 -2.160534
261 45.99 -0.394788 0.021744 -2.533006
262 46.02 -0.326667 0.02173 -3.061224
263 45.45 -0.285939 0.022002 -3.497245
264 44.76 -0.281152 0.022341 -3.556801
265 44.72 -0.279758 0.022361 -3.574523
266 45.09 -0.240909 0.022178 -4.150943
267 45.06 -0.202182 0.022193 -4.946043
268 45.28 -0.162303 0.022085 -6.161314
269 44.43 -0.135818 0.022507 -7.362784
270 44.32 -0.156 0.022563 -6.410256
271 43.69 -0.17503 0.022889 -5.713296
272 43.57 -0.170727 0.022952 -5.857295
273 43.92 -0.155636 0.022769 -6.425234
274 43.43 -0.194727 0.023026 -5.135387
275 43.27 -0.229091 0.023111 -4.365079
276 43.86 -0.18903 0.0228 -5.290157
277 43.46 -0.157879 0.02301 -6.333973
278 42.4 -0.150485 0.023585 -6.645187
279 43.07 -0.128303 0.023218 -7.794048
280 43.53 -0.071879 0.022973 -13.91231
281 43.6 -0.044061 0.022936 -22.696011
282 43.52 -0.027515 0.022978 -36.343612
283 43.3 0.00097 0.023095 1031.25
284 42.97 -0.013697 0.023272 -73.00885
285 42.69 -0.048727 0.023425 -20.522388
286 41.57 -0.098485 0.024056 -10.153846
287 41.03 -0.176606 0.024372 -5.66232
288 40.2 -0.341212 0.024876 -2.930728
289 40.69 -0.407758 0.024576 -2.452438
290 40.27 -0.437697 0.024832 -2.284686
291 39.58 -0.461091 0.025265 -2.16877
292 39.65 -0.437273 0.025221 -2.286902
293 39.64 -0.381758 0.025227 -2.619463
294 38.57 -0.362242 0.025927 -2.760582
295 38.39 -0.317879 0.026048 -3.145853
296 38.97 -0.264424 0.025661 -3.781802
297 38.5 -0.241091 0.025974 -4.147813
298 37.55 -0.294242 0.026631 -3.398558
299 37.77 -0.270606 0.026476 -3.695409
300 37.45 -0.25703 0.026702 -3.890592
301 37.42 -0.256909 0.026724 -3.892427
302 37.49 -0.222121 0.026674 -4.502046
303 37.11 -0.182545 0.026947 -5.478088
304 36.87 -0.196727 0.027122 -5.083179
305 36.3 -0.233394 0.027548 -4.284601
306 35.65 -0.241515 0.02805 -4.140527
307 36.6 -0.188909 0.027322 -5.293551
308 36.42 -0.186424 0.027457 -5.364109
309 36.32 -0.16103 0.027533 -6.210011
310 36.6 -0.124121 0.027322 -8.056641
311 36.9 -0.062545 0.0271 -15.988372
312 36.74 0.001273 0.027218 785.714286
313 36.62 0.042303 0.027307 23.638968
314 36.57 0.070545 0.027345 14.175258
315 36.09 0.038242 0.027709 26.14897
316 35.91 -0.044667 0.027847 -22.38806
317 35.68 -0.079939 0.028027 -12.509477
318 35.33 -0.135152 0.028305 -7.399103
319 35.07 -0.198 0.028514 -5.050505
320 34.8 -0.241758 0.028736 -4.136375
321 34.32 -0.269879 0.029138 -3.705367
322 33.61 -0.316121 0.029753 -3.163344
323 33.06 -0.362424 0.030248 -2.759197
324 33.24 -0.359091 0.030084 -2.78481
325 33.12 -0.353939 0.030193 -2.825342
326 32.71 -0.347152 0.030572 -2.880587
327 32.12 -0.349091 0.031133 -2.864583
328 32.4 -0.315939 0.030864 -3.165164
329 31.99 -0.28697 0.03126 -3.484688
330 31.85 -0.246303 0.031397 -4.060039
331 32.19 -0.183333 0.031066 -5.454545
332 31.75 -0.165879 0.031496 -6.028498
333 31.09 -0.198545 0.032165 -5.03663
334 30.68 -0.217697 0.032595 -4.593541
335 30.76 -0.209455 0.03251 -4.774306
336 30.5 -0.214121 0.032787 -4.670252
337 29.88 -0.265152 0.033467 -3.771429
338 29.34 -0.299818 0.034083 -3.335355
339 28.86 -0.350909 0.03465 -2.849741
340 29.56 -0.335212 0.033829 -2.983186
341 29.12 -0.293091 0.034341 -3.411911
342 28.49 -0.277455 0.0351 -3.604194
343 28.72 -0.253758 0.034819 -3.940769
344 29.37 -0.193212 0.034048 -5.175659
345 29.14 -0.124 0.034317 -8.064516
346 28.47 -0.08903 0.035125 -11.232131
347 28.35 -0.077333 0.035273 -12.931034
348 28.43 -0.078727 0.035174 -12.702079
349 27.91 -0.129455 0.035829 -7.724719
350 27.45 -0.147091 0.03643 -6.798517
351 26.97 -0.194667 0.037078 -5.136986
352 27.03 -0.254909 0.036996 -3.922967
353 27.1 -0.278303 0.0369 -3.593206
354 27.57 -0.213091 0.036271 -4.692833
355 27.51 -0.144667 0.03635 -6.912442
356 26.63 -0.149152 0.037552 -6.704592
357 25.7 -0.190061 0.038911 -5.26148
358 25.64 -0.196788 0.039002 -5.081614
359 25.52 -0.210909 0.039185 -4.741379
360 25.62 -0.221273 0.039032 -4.51931
361 25.44 -0.251273 0.039308 -3.97974
362 25.18 -0.272909 0.039714 -3.664224
363 24.77 -0.289818 0.040371 -3.450439
364 24.42 -0.266242 0.04095 -3.755975
365 25.05 -0.174121 0.03992 -5.743126
366 24.7 -0.129939 0.040486 -7.695896
367 24.25 -0.148909 0.041237 -6.715507
368 23.82 -0.177758 0.041982 -5.625639
369 23.47 -0.211636 0.042608 -4.725086
370 23.84 -0.193818 0.041946 -5.159475
371 24.15 -0.149515 0.041408 -6.688285
372 23.94 -0.118364 0.041771 -8.448541
373 23.92 -0.100606 0.041806 -9.939759
374 23.79 -0.10297 0.042034 -9.711595
375 23.34 -0.080242 0.042845 -12.462236
376 23.16 -0.069939 0.043178 -14.298094
377 22.26 -0.120061 0.044924 -8.329127
378 22.04 -0.186727 0.045372 -5.355404
379 21.91 -0.262242 0.045641 -3.813266
380 21.72 -0.304545 0.046041 -3.283582
381 21.53 -0.310848 0.046447 -3.217001
382 20.95 -0.33103 0.047733 -3.020871
383 20.76 -0.326667 0.04817 -3.061224
384 20.8 -0.290485 0.048077 -3.44252
385 20.3 -0.275333 0.049261 -3.631961
386 20.01 -0.251152 0.049975 -3.98166
387 19.94 -0.252606 0.05015 -3.958733
388 20.07 -0.233515 0.049826 -4.282377
389 20.37 -0.182848 0.049092 -5.469009
390 19.77 -0.158909 0.050582 -6.292906
391 19.3 -0.149636 0.051813 -6.682868
392 19.17 -0.159091 0.052165 -6.285714
393 18.87 -0.176 0.052994 -5.681818
394 18.51 -0.18697 0.054025 -5.34846
395 18.44 -0.207333 0.05423 -4.823151
396 18.34 -0.229939 0.054526 -4.348972
397 18.25 -0.241879 0.054795 -4.134302
398 17.96 -0.240485 0.055679 -4.158266
399 17.78 -0.203333 0.056243 -4.918033
400 17.54 -0.187879 0.057013 -5.322581
401 17.14 -0.198545 0.058343 -5.03663
402 17.01 -0.198788 0.058789 -5.030488
403 17.28 -0.178121 0.05787 -5.614154
404 17.24 -0.164364 0.058005 -6.084071
405 17.2 -0.142061 0.05814 -7.039249
406 16.59 -0.144667 0.060277 -6.912442
407 16.01 -0.163697 0.062461 -6.108849
408 15.73 -0.190182 0.063573 -5.258126
409 15.67 -0.204909 0.063816 -4.880213
410 15.21 -0.235152 0.065746 -4.252577
411 15.5 -0.248 0.064516 -4.032258
412 15.52 -0.248545 0.064433 -4.023409
413 14.9 -0.246848 0.067114 -4.051068
414 14.48 -0.241879 0.069061 -4.134302
415 14.69 -0.194667 0.068074 -5.136986
416 14.34 -0.176788 0.069735 -5.656496
417 13.9 -0.194303 0.071942 -5.1466
418 13.88 -0.206 0.072046 -4.854369
419 13.74 -0.206909 0.07278 -4.83304
420 13.36 -0.235818 0.07485 -4.240555
421 13.08 -0.238242 0.076453 -4.197405
422 13.15 -0.206182 0.076046 -4.850088
423 12.87 -0.202 0.0777 -4.950495
424 12.65 -0.213212 0.079051 -4.690165
425 12.62 -0.189879 0.079239 -5.266518
426 12.47 -0.17297 0.080192 -5.781359
427 12.5 -0.161091 0.08 -6.207675
428 12.07 -0.15703 0.08285 -6.368198
429 11.41 -0.176364 0.087642 -5.670103
430 11.53 -0.186242 0.08673 -5.369346
431 11.66 -0.185515 0.085763 -5.390395
432 11.56 -0.168364 0.086505 -5.939525
433 11.13 -0.174061 0.089847 -5.745125
434 10.73 -0.195152 0.093197 -5.124224
435 10.64 -0.199879 0.093985 -5.003032
436 10.33 -0.207515 0.096805 -4.818925
437 10.09 -0.200303 0.099108 -4.992436
438 10.22 -0.185455 0.097847 -5.392157
439 9.98 -0.205273 0.1002 -4.871568
440 9.73 -0.213394 0.102775 -4.686169
441 9.4 -0.20903 0.106383 -4.783995
442 9.27 -0.19103 0.107875 -5.234772
443 8.91 -0.193576 0.112233 -5.165936
444 8.72 -0.206242 0.114679 -4.848663
445 8.94 -0.188545 0.111857 -5.303761
446 8.83 -0.176909 0.11325 -5.652621
447 8.65 -0.172909 0.115607 -5.783386
448 8.46 -0.153152 0.118203 -6.529482
449 8.27 -0.138424 0.120919 -7.224168
450 8.02 -0.133273 0.124688 -7.503411
451 7.72 -0.145758 0.129534 -6.860707
452 7.21 -0.174364 0.138696 -5.735141
453 7.02 -0.212364 0.14245 -4.708904
454 6.63 -0.261394 0.15083 -3.825643
455 6.61 -0.271515 0.151286 -3.683036
456 6.44 -0.27 0.15528 -3.703704
457 6.1 -0.270061 0.163934 -3.702873
458 6.09 -0.252424 0.164204 -3.961585
459 5.92 -0.228 0.168919 -4.385965
460 5.8 -0.198303 0.172414 -5.042787
461 5.44 -0.181333 0.183824 -5.514706
462 5.33 -0.176727 0.187617 -5.658436
463 5.31 -0.163091 0.188324 -6.13155
464 5.01 -0.171091 0.199601 -5.844846
465 4.69 -0.178242 0.21322 -5.610337
466 4.58 -0.179455 0.218341 -5.572442
467 4.14 -0.204788 0.241546 -4.883102
468 4 -0.214667 0.25 -4.658385
469 3.89 -0.216545 0.257069 -4.617968
470 3.71 -0.211636 0.269542 -4.725086
471 3.44 -0.220121 0.290698 -4.542952
472 3.5 -0.208424 0.285714 -4.797906
473 3.35 -0.184061 0.298507 -5.432993
474 3.33 -0.15703 0.3003 -6.368198
475 3.1 -0.143515 0.322581 -6.967905
476 2.82 -0.133333 0.35461 -7.5
477 2.42 -0.15297 0.413223 -6.537242
478 2.28 -0.168727 0.438596 -5.926724
479 2.04 -0.184061 0.490196 -5.432993
480 1.76 -0.204242 0.568182 -4.896142
481 1.7 -0.222061 0.588235 -4.503275
482 1.62 -0.219152 0.617284 -4.563053
483 1.46 -0.212182 0.684932 -4.712939
484 1.15 -0.200545 0.869565 -4.986401
485 0.8 -0.196909 1.25 -5.078486
486 0.6 -0.19497 1.666667 -5.129002
487 0.48 -0.199333 2.083333 -5.016722
488 0.39 -0.194424 2.564103 -5.143392
489 0.29 -0.188061 3.448276 -5.317435
490 0.23 -0.182424 4.347826 -5.481728
491 0.03 -0.173152 33.333333 -5.775289
